(6490,313)
(5743,1455)
(7235,411)
(7697,1049)
(1240,1791)
(1688,1045)
(1615,521)
(6605,1057)
(8049,181)
(9648,227)
(6678,65)
(1655,1825)
(4144,283)
(7961,587)
(5039,801)
(5992,1301)
(7862,655)
(8177,13)
(9710,853)
(1002,639)
(9860,43)
(4386,355)
(9608,1679)
(7213,149)
(2814,1921)
(1927,107)
(5266,197)
(3062,1995)
(1277,659)
(7918,761)
(8834,345)
(2553,1071)
(6315,1393)
(6928,499)
(7682,1783)
(2571,641)
(801,831)
(2003,2113)
(4258,1973)
(3217,35)
(6274,655)
(8485,2053)
(6472,1621)
(2517,81)
(7929,617)
(5109,927)
(1013,807)
(636,1251)
(8331,81)
(9486,81)
(5204,1231)
(5307,415)
(8584,1469)
(8423,1863)
(1280,1267)
(3833,675)
(4962,1067)
(9185,1153)
(7385,491)
(1017,593)
(3242,489)
(7664,43)
(8449,909)
(1288,729)
(5101,655)
(8625,2745)
(3037,579)
(5105,901)
(7327,1283)
(5934,1843)
(5574,587)
(1956,239)
(2443,1045)
(7716,51)
(1123,811)
(8195,201)
(8940,23)
(1200,383)
(4959,345)
(7217,343)
(8812,477)
(544,295)
(3066,653)
(7309,619)
(2906,795)
(8984,1241)
(8272,1671)
(5699,973)
(1428,1793)
(3756,439)
(6777,591)
(577,415)
(500,915)
(8276,1435)
(3705,301)
(5794,979)
(1868,1335)
(6843,123)
(2461,335)
(2975,765)
(3349,1185)
(2414,803)
(690,15)
(4702,1053)
(9707,483)
(809,89)
(742,1615)
(4463,251)
(8306,899)
(4665,555)
(6285,951)
(3026,1507)
(2876,199)
(2575,1169)
(7866,171)
(1729,339)
(933,93)
(4717,839)
(9222,805)
(5974,219)
(5097,753)
(8232,1555)
(8687,45)
(3433,349)
(6542,545)
(8753,2131)
(2928,937)
(4294,455)
(4713,215)
(8562,953)
(5758,1781)
(2131,93)
(2531,87)
(1941,567)
(3785,605)
(9978,397)
(1758,313)
(1361,477)
(4647,327)
(8302,155)
(775,881)
(2843,369)
(6058,469)
(5332,295)
(397,863)
(8016,423)
(3411,923)
(9853,869)
(1732,789)
(9684,2753)
(9699,471)
(2197,645)
(2384,1039)
(427,395)
(6979,533)
(7239,447)
(3668,741)
(4522,703)
(5927,89)
(8030,1043)
(324,1819)
(2072,1301)
(7994,373)
(5769,143)
(2205,809)
(3129,35)
(9211,133)
(2450,247)
(999,1229)
(5361,295)
(6270,267)
(6072,513)
(9262,871)
(8573,479)
(2326,43)
(2700,603)
(2535,537)
(9802,397)
(4643,1171)
(3529,429)
(5633,1051)
(2818,1065)
(9615,625)
(7271,291)
(2539,211)
(4951,271)
(6337,1345)
(2399,335)
(3165,59)
(2568,107)
(4911,891)
(2869,437)
(6344,353)
(4254,1433)
(4045,1189)
(2065,265)
(2748,407)
(3961,329)
(7660,297)
(4173,2127)
(5989,673)
(5093,517)
(5648,1119)
(9442,837)
(306,195)
(8229,1191)
(4155,121)
(7815,2093)
(9945,501)
(7727,521)
(1916,1117)
(4265,785)
(2029,469)
(2740,507)
(6634,1091)
(4999,1101)
(8481,795)
(1783,1101)
(7679,1173)
(9941,155)
(1130,345)
(8078,501)
(9666,495)
(1608,745)
(474,21)
(3235,385)
(4382,1349)
(4625,273)
(1570,213)
(1457,91)
(7158,279)
(4782,309)
(96,673)
(5501,771)
(5703,497)
(757,1009)
(9468,711)
(3118,743)
(463,557)
(4629,97)
(6476,531)
(3840,607)
(3466,371)
(5082,555)
(1079,197)
(1677,371)
(867,455)
(5354,597)
(7268,1549)
(8591,183)
(81,735)
(658,311)
(166,281)
(4412,267)
(7228,763)
(3459,461)
(5024,251)
(9703,1235)
(2403,1583)
(4559,943)
(4306,217)
(5695,387)
(8599,1301)
(6267,893)
(3282,1587)
(7789,1049)
(3444,17)
(8294,883)
(4595,713)
(5626,635)
(8508,729)
(720,975)
(6135,405)
(9530,501)
(7026,561)
(478,187)
(1893,391)
(4573,439)
(9064,807)
(2865,727)
(9350,11)
(9255,789)
(258,87)
(9017,145)
(2083,79)
(1798,67)
(8845,1183)
(9523,789)
(6120,635)
(618,769)
(2960,495)
(2593,423)
(470,159)
(6171,87)
(342,1099)
(6256,463)
(2968,1339)
(9318,367)
(5299,363)
(5938,247)
(8805,559)
(7183,17)
(1952,477)
(353,213)
(5343,571)
(6421,725)
(1765,1105)
(8922,113)
(2469,999)
(3987,247)
(7077,901)
(2498,1739)
(4199,29)
(5882,725)
(4566,685)
(6719,1097)
(9387,291)
(4218,1747)
(8261,41)
(7598,5)
(6050,1103)
(1556,531)
(6854,203)
(6087,689)
(2883,401)
(7976,77)
(2058,1591)
(6722,621)
(852,371)
(5442,507)
(2670,817)
(6711,1435)
(7316,795)
(7925,1281)
(6252,521)
(5127,371)
(4731,1473)
(7888,625)
(9790,1309)
(111,895)
(4739,1369)
(5981,381)
(8526,1409)
(4078,1273)
(3099,173)
(203,149)
(3815,701)
(7349,261)
(1493,833)
(7066,21)
(8074,751)
(8346,409)
(4023,477)
(515,253)
(9916,343)
(9934,1869)
(6942,1401)
(5060,367)
(5523,537)
(3752,589)
(5365,1255)
(5020,87)
(5747,1945)
(452,187)
(8137,1241)
(8188,915)
(8728,1233)
(1512,627)
(8919,849)
(2281,295)
(5688,603)
(5761,545)
(2502,823)
(3253,403)
(3565,1043)
(2157,537)
(7653,385)
(4283,1327)
(9970,1985)
(6351,753)
(2292,175)
(7543,1737)
(6887,1899)
(1284,1359)
(2241,119)
(5329,101)
(3682,627)
(1310,231)
(2043,223)
(1600,107)
(1314,301)
(250,1513)
(1101,63)
(6304,1249)
(3657,17)
(4441,463)
(8364,747)
(3796,89)
(5259,2109)
(67,61)
(6997,775)
(1138,635)
(2171,129)
(6865,519)
(2249,455)
(7770,389)
(739,101)
(9989,387)
(1967,23)
(3613,111)
(3271,1091)
(3701,43)
(9321,731)
(4874,1031)
(3598,119)
(8247,1037)
(8140,935)
(1710,2105)
(3550,363)
(9035,15)
(5420,805)
(8926,889)
(3491,315)
(6696,683)
(1813,789)
(5721,1333)
(6906,635)
(6461,433)
(4661,1589)
(779,927)
(2212,373)
(6791,373)
(5707,505)
(4654,899)
(485,749)
(4092,1119)
(7792,51)
(6164,243)
(6850,303)
(4988,35)
(1226,231)
(1871,271)
(1097,267)
(2124,2251)
(5035,331)
(7873,105)
(2832,747)
(3408,151)
(7936,977)
(5541,211)
(8632,1849)
(8827,331)
(8742,1381)
(6861,715)
(4229,379)
(6007,229)
(5813,279)
(4250,559)
(6582,1997)
(126,1551)
(786,1241)
(8001,1245)
(7019,163)
(8056,513)
(4012,931)
(3484,539)
(5828,71)
(9303,705)
(4735,395)
(5538,1043)
(4980,419)
(1299,977)
(3972,609)
(3309,1449)
(6458,5)
(1442,455)
(2319,371)
(3095,977)
(8588,827)
(6517,255)
(7352,287)
(7583,37)
(49,367)
(1303,665)
(6704,469)
(3990,1365)
(3954,435)
(8441,765)
(8966,75)
(4427,953)
(7628,299)
(863,395)
(1516,1141)
(7293,779)
(1369,163)
(4944,227)
(2128,953)
(683,1007)
(438,447)
(2311,185)
(6575,255)
(2986,719)
(6179,459)
(7943,725)
(3558,873)
(3404,39)
(995,779)
(6025,171)
(1141,1339)
(2579,95)
(1857,7)
(2454,491)
(3392,263)
(8775,1583)
(8122,777)
(8566,255)
(3936,157)
(5750,87)
(3260,295)
(5013,855)
(30,143)
(1174,193)
(7532,919)
(8184,403)
(1604,379)
(5336,1289)
(8717,1337)
(5776,1593)
(8908,1087)
(6047,83)
(8559,93)
(5277,503)
(5471,237)
(2322,203)
(3642,1825)
(7998,1171)
(2076,569)
(8911,609)
(9754,595)
(5318,739)
(9680,711)
(614,199)
(6975,909)
(7187,1011)
(8108,535)
(3660,63)
(4940,1415)
(386,385)
(9570,5)
(5486,1193)
(4416,393)
(7484,1389)
(9538,1085)
(4694,767)
(9497,297)
(8702,75)
(133,399)
(1817,423)
(922,29)
(3929,783)
(3635,57)
(2722,833)
(2656,449)
(8629,1239)
(1534,133)
(1549,1217)
(2285,1433)
(3561,277)
(7419,1327)
(845,163)
(6399,533)
(9772,839)
(3419,455)
(6193,923)
(5637,1311)
(9501,1347)
(7370,207)
(559,293)
(6520,159)
(3837,129)
(6292,995)
(3051,239)
(2638,1805)
(6553,251)
(8027,897)
(8661,483)
(3653,561)
(430,1427)
(2689,617)
(6531,745)
(4904,1487)
(7374,419)
(3950,243)
(6090,727)
(9406,31)
(6436,1119)
(6054,1207)
(9307,163)
(526,1513)
(2359,247)
(6377,37)
(8900,1153)
(9273,883)
(1321,329)
(456,1031)
(2487,253)
(1567,1241)
(6755,37)
(9167,1841)
(41,411)
(3143,735)
(2777,397)
(4746,795)
(9101,447)
(5655,685)
(1912,37)
(1394,1113)
(4371,807)
(3264,9)
(5949,1031)
(5549,769)
(3073,137)
(984,1093)
(4364,469)
(6560,903)
(1060,23)
(1266,43)
(4151,1581)
(7495,1393)
(6113,505)
(2605,399)
(2685,1165)
(1482,231)
(3011,491)
(2829,943)
(5424,359)
(1666,1387)
(7639,99)
(6414,967)
(7125,5)
(5530,739)
(4779,463)
(4508,57)
(4919,765)
(9383,499)
(676,19)
(4863,593)
(7529,123)
(7572,613)
(7242,1559)
(3808,1125)
(7880,1303)
(7561,135)
(1831,613)
(8214,1515)
(4052,1959)
(6300,1837)
(2744,1213)
(2308,325)
(5031,1235)
(5677,847)
(5390,477)
(8386,135)
(4519,359)
(6924,1301)
(8063,211)
(3033,479)
(2447,881)
(3873,209)
(2238,281)
(6667,25)
(5615,369)
(1464,139)
(2612,1119)
(4030,339)
(6652,309)
(6593,169)
(4551,649)
(375,347)
(2087,529)
(4317,37)
(9769,3)
(6740,399)
(3859,715)
(8225,99)
(4636,1899)
(3606,1733)
(8643,2131)
(5453,251)
(9857,55)
(6568,817)
(9695,1973)
(6748,871)
(2696,1969)
(3246,587)
(3891,833)
(7884,747)
(768,719)
(148,473)
(8658,755)
(3521,535)
(7521,597)
(555,1483)
(6018,295)
(2652,443)
(364,683)
(9156,1387)
(8166,651)
(27,717)
(5666,23)
(9068,563)
(2623,379)
(3734,1615)
(5181,73)
(7345,129)
(1864,405)
(4324,529)
(6656,479)
(5369,419)
(8067,209)
(8724,695)
(7103,1685)
(159,355)
(632,341)
(4313,849)
(9130,229)
(1673,1185)
(9479,253)
(7341,367)
(56,1217)
(9912,1783)
(2557,1103)
(9743,521)
(9956,319)
(6917,1111)
(9428,65)
(7756,161)
(2931,95)
(1031,1945)
(9534,733)
(6876,841)
(6601,43)
(4346,681)
(9798,417)
(9365,129)
(3169,91)
(100,197)
(7811,625)
(4650,515)
(320,1387)
(669,369)
(7738,663)
(7040,1521)
(2362,607)
(2821,713)
(7147,1207)
(3965,2377)
(4247,699)
(9882,1255)
(7891,811)
(416,443)
(6362,1325)
(6359,51)
(1420,1859)
(5857,263)
(6612,305)
(2807,1069)
(2858,115)
(4764,13)
(3569,493)
(7642,371)
(2407,101)
(6348,1077)
(5112,5)
(6825,69)
(496,123)
(3305,211)
(5691,483)
(7091,903)
(9622,35)
(6249,935)
(10000,589)
(4838,61)
(2223,1619)
(8041,1347)
(3312,305)
(3628,119)
(8951,827)
(3594,2049)
(7804,383)
(6069,185)
(4632,481)
(1057,19)
(1509,881)
(4588,543)
(1853,407)
(5394,187)
(5622,705)
(6726,995)
(1839,587)
(6061,285)
(8207,557)
(7059,383)
(3532,567)
(5280,1011)
(9127,133)
(9725,1369)
(7282,89)
(92,1199)
(1934,705)
(6014,783)
(328,383)
(9259,1019)
(7202,423)
(9453,185)
(9736,305)
(8474,113)
(841,2627)
(5820,2083)
(7004,445)
(504,427)
(3789,719)
(7150,661)
(9431,781)
(5138,343)
(9439,529)
(4540,987)
(1262,1337)
(1662,731)
(650,749)
(8511,541)
(7073,969)
(2586,461)
(760,633)
(4438,1179)
(3910,695)
(9688,2287)
(797,591)
(3004,53)
(8746,35)
(7037,149)
(4492,1749)
(5479,23)
(2472,97)
(1196,213)
(8412,343)
(9178,1127)
(8937,1027)
(4379,1315)
(4335,1113)
(3107,309)
(7965,581)
(8849,915)
(1431,43)
(7767,233)
(2850,297)
(3422,197)
(9509,617)
(173,291)
(654,945)
(1093,259)
(1170,779)
(5710,195)
(4922,15)
(7118,895)
(2726,703)
(6498,103)
(7723,547)
(6968,307)
(1189,477)
(8519,539)
(5174,193)
(4830,369)
(177,1383)
(2018,503)
(162,167)
(1318,1125)
(988,639)
(6935,611)
(9611,1025)
(580,701)
(9390,803)
(2939,463)
(5075,139)
(6124,1421)
(805,1265)
(8944,953)
(1897,529)
(5295,25)
(3040,1059)
(9567,821)
(1860,1105)
(8210,1113)
(9909,1117)
(4111,241)
(4977,1919)
(2971,1673)
(6201,967)
(6230,767)
(7367,495)
(6971,1161)
(1086,195)
(3297,153)
(151,17)
(896,1099)
(9420,709)
(5130,765)
(1581,443)
(4816,457)
(2014,829)
(6209,563)
(4342,2591)
(4452,371)
(4137,1285)
(2296,43)
(7558,243)
(1439,977)
(3341,113)
(7840,1101)
(7594,559)
(7488,67)
(4610,1169)
(3778,935)
(3239,1109)
(8760,217)
(4470,275)
(2979,401)
(3514,249)
(7763,1133)
(9655,667)
(6609,879)
(8317,1245)
(889,587)
(2201,2187)
(1424,433)
(8221,569)
(1714,443)
(2506,103)
(3048,197)
(2920,565)
(3334,1379)
(7224,383)
(23,183)
(3822,735)
(5468,1461)
(8735,835)
(7206,569)
(2227,661)
(409,101)
(4100,219)
(3044,997)
(4368,237)
(4900,383)
(5659,1381)
(8771,941)
(4768,1565)
(4166,213)
(3932,991)
(4823,785)
(1637,993)
(2737,425)
(382,853)
(7819,235)
(9787,163)
(5842,705)
(8100,505)
(1134,397)
(3352,955)
(272,37)
(5053,1997)
(6117,287)
(7301,677)
(9244,697)
(7473,603)
(5248,377)
(6528,533)
(4063,721)
(5619,367)
(1886,511)
(6810,709)
(8115,461)
(423,881)
(5589,567)
(3503,975)
(6216,297)
(3998,511)
(9718,187)
(9105,41)
(9644,305)
(7837,845)
(3367,917)
(1651,599)
(9002,193)
(4089,2107)
(9138,2241)
(4353,63)
(7246,1385)
(7448,435)
(9714,287)
(1460,305)
(9842,11)
(9879,527)
(3385,793)
(6036,355)
(4698,1805)
(8779,727)
(8155,607)
(3510,545)
(8782,1)
(7833,1205)
(595,681)
(6146,1791)
(2649,1323)
(7507,477)
(6128,693)
(9794,233)
(6450,315)
(694,289)
(1075,1495)
(9776,883)
(3572,105)
(7084,289)
(3554,329)
(904,1537)
(1648,1607)
(9149,505)
(5372,395)
(2784,75)
(8540,1331)
(8706,377)
(4760,21)
(962,1127)
(9949,631)
(951,811)
(6380,357)
(735,261)
(6630,477)
(4236,769)
(3602,1317)
(6432,471)
(3697,315)
(9204,685)
(9325,459)
(9552,47)
(5141,63)
(9747,1011)
(6641,799)
(4728,429)
(6391,591)
(184,27)
(511,63)
(5262,585)
(3194,2603)
(7000,1767)
(1365,241)
(8250,505)
(4933,567)
(8863,1147)
(2245,325)
(7378,233)
(7491,385)
(8816,2059)
(5398,49)
(881,1381)
(5042,657)
(5714,1495)
(9460,1223)
(9545,1359)
(8467,669)
(9578,1111)
(6920,655)
(6960,729)
(2380,375)
(2458,775)
(8801,565)
(1802,323)
(1772,753)
(4449,863)
(5644,361)
(7129,693)
(2175,761)
(6883,889)
(3275,567)
(3639,467)
(6065,809)
(9053,187)
(7914,71)
(9691,991)
(1211,641)
(8654,37)
(1291,1153)
(4500,2541)
(3268,865)
(8838,507)
(108,1241)
(1501,155)
(6733,81)
(3781,153)
(8537,17)
(7910,787)
(1974,377)
(5868,355)
(926,721)
(2391,475)
(9174,353)
(393,541)
(3147,1305)
(6744,1649)
(782,25)
(119,75)
(7749,1133)
(1563,647)
(8283,237)
(1703,551)
(8889,267)
(5226,553)
(6373,545)
(8933,1095)
(8544,23)
(3437,177)
(4676,759)
(1527,1393)
(6894,1415)
(9,935)
(7107,301)
(2957,657)
(9549,61)
(9930,241)
(8841,873)
(6762,1251)
(4397,165)
(8335,631)
(1208,35)
(1,109)
(5002,201)
(6296,159)
(1259,375)
(1024,955)
(5219,497)
(3525,1131)
(3426,201)
(6689,75)
(5952,535)
(4809,183)
(2069,1259)
(8104,71)
(8151,263)
(955,547)
(4056,757)
(4720,473)
(3345,237)
(2333,549)
(1992,143)
(9189,735)
(2597,241)
(9729,651)
(1644,429)
(8265,1621)
(4834,227)
(4915,1269)
(3583,563)
(9192,1421)
(8430,545)
(548,345)
(2263,1217)
(45,279)
(1981,43)
(2139,331)
(7686,279)
(9266,287)
(1996,183)
(9413,271)
(3150,7)
(9493,1301)
(4162,807)
(5651,1659)
(9361,1087)
(8081,421)
(7950,195)
(3983,387)
(8313,7)
(7657,7)
(6106,679)
(8085,63)
(7620,33)
(9039,805)
(1329,1463)
(9996,441)
(8690,91)
(2160,803)
(599,535)
(2861,183)
(6685,565)
(5916,75)
(8445,569)
(9329,517)
(7275,889)
(214,627)
(4544,1139)
(34,591)
(5864,891)
(6829,415)
(8830,559)
(5028,293)
(6205,35)
(4320,1555)
(3792,55)
(6953,347)
(7701,547)
(2421,929)
(2344,301)
(5439,71)
(4393,97)
(6931,721)
(8269,431)
(1718,213)
(7404,143)
(3220,295)
(5064,373)
(4533,1385)
(5534,1043)
(4214,1357)
(2106,435)
(7624,1423)
(1163,517)
(1064,549)
(3693,669)
(3543,289)
(5046,1739)
