(6537,225)
(7545,243)
(9389,819)
(436,41)
(3879,361)
(1077,223)
(6034,819)
(1554,309)
(7743,1001)
(8560,711)
(1958,449)
(8593,1375)
(6650,175)
(5837,195)
(2221,159)
(5048,659)
(685,1031)
(6801,961)
(5903,121)
(2173,1613)
(5808,173)
(263,251)
(1275,947)
(4935,205)
(3648,213)
(2155,1277)
(788,415)
(5059,483)
(7941,987)
(7042,993)
(9819,1129)
(1426,129)
(4461,149)
(1572,351)
(1712,1913)
(2599,419)
(3127,211)
(3512,105)
(6195,237)
(3688,71)
(7248,635)
(4894,823)
(7860,563)
(7493,603)
(1150,487)
(791,689)
(6081,465)
(3868,349)
(5811,321)
(6519,173)
(490,961)
(4010,729)
(1990,861)
(4315,921)
(7574,1061)
(4777,637)
(8193,189)
(9756,2383)
(498,499)
(1121,259)
(939,1049)
(1804,37)
(7017,877)
(4205,575)
(4337,293)
(7284,765)
(4575,877)
(5022,1045)
(8832,945)
(8946,1181)
(9080,45)
(843,389)
(6144,81)
(858,153)
(825,277)
(9800,1423)
(3934,777)
(2108,1505)
(410,209)
(535,1813)
(6379,1349)
(6845,1123)
(7145,671)
(9668,39)
(3901,409)
(5749,179)
(6746,129)
(6386,1193)
(3273,1763)
(3046,811)
(5587,1317)
(4216,125)
(4524,247)
(9774,531)
(2687,655)
(72,335)
(1286,521)
(160,1125)
(2092,1133)
(6409,287)
(5947,633)
(5367,359)
(6250,1731)
(6951,517)
(6647,177)
(5668,1665)
(928,125)
(6878,1033)
(1132,607)
(5756,1119)
(4557,687)
(1411,3)
(8968,395)
(3655,1075)
(2492,543)
(7307,145)
(157,431)
(454,253)
(3329,597)
(1187,549)
(854,1537)
(9763,1093)
(6816,249)
(5246,55)
(311,137)
(8818,1179)
(9734,981)
(9132,787)
(8535,413)
(4018,15)
(7013,579)
(2254,149)
(2159,967)
(1752,539)
(2427,937)
(7178,1539)
(3949,537)
(5628,1231)
(3505,399)
(7442,763)
(3534,577)
(773,779)
(2739,1297)
(1297,247)
(5000,655)
(2827,115)
(1590,5)
(1859,923)
(3963,1909)
(2463,69)
(7251,461)
(7592,437)
(4366,223)
(8245,607)
(6207,391)
(7530,197)
(3259,681)
(3464,1241)
(7406,769)
(2474,673)
(6937,369)
(1448,451)
(3071,1409)
(5297,463)
(2100,1545)
(9323,211)
(872,1039)
(539,679)
(2016,405)
(4355,1459)
(3204,279)
(4593,285)
(76,469)
(2728,273)
(3350,545)
(9583,219)
(7893,1497)
(8557,1625)
(2081,819)
(6122,571)
(5778,669)
(5077,1235)
(6782,629)
(9547,655)
(9190,19)
(4807,375)
(8300,1415)
(1044,381)
(3695,663)
(9147,659)
(7031,339)
(3028,75)
(3435,113)
(7071,361)
(8780,387)
(4751,1085)
(2449,631)
(8113,507)
(6922,1047)
(3596,921)
(726,695)
(9037,1071)
(146,483)
(2386,395)
(6573,139)
(1183,1043)
(6984,607)
(4102,1317)
(8890,583)
(1965,249)
(8436,13)
(7039,841)
(4432,375)
(6393,1019)
(7460,227)
(7501,779)
(9561,215)
(8759,635)
(8667,1505)
(4531,285)
(531,27)
(7901,763)
(5260,113)
(4322,597)
(9268,625)
(8854,813)
(8238,249)
(230,285)
(5961,353)
(8205,1671)
(7886,441)
(4238,315)
(2724,895)
(7978,293)
(6955,905)
(2034,559)
(4083,279)
(8098,973)
(6504,1285)
(8917,121)
(2085,49)
(2591,561)
(1682,427)
(9312,1175)
(6005,1123)
(7141,341)
(3615,1047)
(9518,357)
(8616,1153)
(2353,77)
(9572,669)
(5103,549)
(4821,445)
(1671,377)
(4201,41)
(6966,613)
(4098,7)
(1422,1487)
(9543,1423)
(5536,337)
(5705,769)
(3387,123)
(3486,369)
(3152,383)
(487,637)
(649,679)
(2360,681)
(4696,229)
(414,315)
(3123,545)
(8887,1289)
(6434,377)
(9576,421)
(5569,1565)
(5480,615)
(4517,1461)
(7211,2561)
(5330,999)
(8553,857)
(1565,533)
(3967,849)
(9004,373)
(7619,131)
(1833,105)
(7549,609)
(9705,1195)
(3945,845)
(43,2473)
(1929,1217)
(7985,1719)
(2760,239)
(391,1111)
(3703,1099)
(4616,1941)
(766,419)
(9121,865)
(7134,493)
(8072,945)
(5411,1353)
(2030,19)
(3196,855)
(2067,871)
(6607,319)
(8777,735)
(5084,857)
(6812,99)
(9642,1719)
(6665,45)
(8971,811)
(4359,587)
(9217,57)
(2496,227)
(847,443)
(784,43)
(3585,119)
(5499,255)
(8216,777)
(472,177)
(2973,171)
(4609,273)
(5561,499)
(7974,121)
(5851,1065)
(7736,1059)
(5268,739)
(7428,529)
(5950,325)
(6706,349)
(5389,237)
(7813,503)
(5547,1017)
(8773,747)
(4160,213)
(917,893)
(9158,1143)
(4542,869)
(4979,127)
(1073,1321)
(931,265)
(458,633)
(9826,39)
(9271,1053)
(1282,145)
(5385,317)
(2665,993)
(8094,1435)
(1440,127)
(3097,1705)
(6896,683)
(6243,889)
(7394,301)
(6449,1859)
(2647,1085)
(2012,301)
(1341,1019)
(7688,1301)
(9448,1359)
(9767,1203)
(7189,1463)
(7761,2477)
(5972,319)
(6119,691)
(2805,79)
(5796,1191)
(3402,789)
(362,5)
(4865,469)
(4649,375)
(1723,721)
(1037,645)
(9293,1779)
(8414,841)
(5635,301)
(8050,181)
(5679,431)
(6559,107)
(1147,1803)
(1309,271)
(818,793)
(4858,91)
(278,955)
(5051,515)
(6991,833)
(7431,489)
(1686,181)
(2559,31)
(8726,327)
(6430,121)
(5381,1011)
(3020,1191)
(1370,1355)
(7233,1179)
(8032,1231)
(546,1139)
(8821,1709)
(252,1267)
(7684,527)
(3167,141)
(7611,71)
(957,677)
(4890,733)
(1518,577)
(3718,365)
(359,1023)
(4252,313)
(5862,871)
(5165,215)
(4340,255)
(5228,357)
(1396,339)
(1862,909)
(380,979)
(894,1445)
(8380,729)
(7475,685)
(9741,1801)
(5510,759)
(6049,457)
(4036,153)
(1231,563)
(469,415)
(2735,439)
(1895,355)
(113,317)
(759,279)
(4469,345)
(4373,1183)
(3549,165)
(3790,741)
(7802,711)
(9352,351)
(1165,341)
(4319,1211)
(9730,41)
(6313,295)
(8681,1229)
(9356,419)
(7989,1091)
(29,711)
(1158,979)
(616,121)
(715,645)
(7299,633)
(179,433)
(1110,71)
(4362,153)
(6827,37)
(3376,1453)
(1745,297)
(6919,1445)
(3714,739)
(9327,525)
(142,301)
(4924,71)
(8571,431)
(5019,17)
(2203,17)
(9488,13)
(425,205)
(4579,127)
(2096,699)
(3824,387)
(850,1127)
(2467,185)
(5462,1223)
(2742,1127)
(9444,117)
(4700,1981)
(8179,515)
(4678,329)
(5943,543)
(1114,315)
(6485,181)
(8751,931)
(4029,953)
(5293,635)
(4612,1601)
(2841,477)
(2126,131)
(4847,247)
(7439,1847)
(7725,1071)
(3248,783)
(6294,895)
(3303,1329)
(2694,755)
(6577,547)
(7174,1375)
(1374,223)
(2041,901)
(6779,993)
(3798,589)
(8986,1363)
(6863,79)
(7259,1021)
(8858,685)
(9929,93)
(5925,643)
(4465,639)
(7417,945)
(7567,27)
(1569,743)
(3501,311)
(9851,1131)
(1631,1115)
(803,949)
(7824,1633)
(8197,1589)
(4920,843)
(4704,513)
(6870,277)
(8285,1371)
(9770,1427)
(7916,273)
(2038,15)
(3170,481)
(6254,517)
(4520,393)
(5008,101)
(300,345)
(7208,1953)
(7912,103)
(6441,37)
(6614,827)
(1727,273)
(5073,275)
(3794,1733)
(2027,1517)
(5033,363)
(1008,729)
(2618,167)
(6405,207)
(3255,1325)
(4164,659)
(1594,539)
(7321,593)
(4946,175)
(407,1257)
(7086,571)
(3604,393)
(8407,367)
(5686,835)
(6830,243)
(4399,1013)
(5976,1635)
(7053,801)
(7879,339)
(6980,181)
(1444,985)
(1972,419)
(4634,1289)
(2122,1289)
(674,721)
(1891,427)
(5011,651)
(4281,523)
(2966,1407)
(1129,231)
(9084,679)
(7295,199)
(7589,1307)
(3817,155)
(9624,713)
(83,1799)
(9657,825)
(6427,77)
(7747,541)
(4153,605)
(6203,731)
(9095,609)
(2878,339)
(2779,1755)
(5257,961)
(7101,479)
(6885,957)
(5091,727)
(6159,145)
(9026,91)
(6173,1335)
(1697,55)
(913,7)
(8872,627)
(7350,243)
(652,105)
(3420,265)
(3439,937)
(384,559)
(1620,75)
(14,1099)
(8326,65)
(3666,561)
(6012,803)
(6463,343)
(6595,793)
(1055,507)
(8568,741)
(4917,1201)
(1242,779)
(542,977)
(7871,455)
(3802,311)
(7868,1517)
(1095,343)
(4410,353)
(3361,401)
(9110,585)
(2977,951)
(1976,115)
(3765,177)
(1220,357)
(4061,1121)
(1866,375)
(3185,711)
(9969,1061)
(2522,853)
(5099,291)
(9943,813)
(9862,361)
(1767,575)
(418,561)
(5921,1793)
(9059,769)
(708,691)
(6221,101)
(6500,239)
(7057,1187)
(7196,2593)
(8201,213)
(2339,1771)
(7361,15)
(5833,1287)
(5448,1013)
(5907,1193)
(7655,695)
(9671,665)
(4803,1263)
(6360,2179)
(2588,65)
(1734,163)
(6438,1003)
(9459,587)
(2001,3243)
(193,521)
(4692,585)
(9066,1361)
(1466,127)
(4384,11)
(3453,447)
(9022,1413)
(2900,591)
(1062,609)
(1051,345)
(3828,1271)
(9194,335)
(2379,683)
(9091,63)
(465,483)
(7699,841)
(6661,663)
(344,1005)
(1613,91)
(6999,331)
(3347,195)
(9958,297)
(1756,547)
(4249,695)
(9260,757)
(2177,1301)
(3857,777)
(6492,789)
(832,171)
(69,561)
(2698,17)
(9345,833)
(36,1469)
(1907,841)
(7662,1229)
(8601,381)
(4818,551)
(2852,839)
(6302,989)
(7794,113)
(2342,129)
(568,429)
(5477,133)
(3156,377)
(4429,703)
(8157,763)
(9408,759)
(3369,211)
(4759,709)
(1000,1181)
(3839,661)
(5286,93)
(7783,271)
(5752,1181)
(58,2455)
(6544,1127)
(1954,1161)
(9752,683)
(5341,1141)
(7806,505)
(9279,799)
(4021,955)
(9631,1023)
(6269,1403)
(8047,1467)
(8348,329)
(201,763)
(5697,861)
(3754,33)
(6669,809)
(209,1103)
(5792,1161)
(2283,125)
(869,21)
(7615,279)
(4571,755)
(3244,529)
(1143,155)
(6092,183)
(4490,359)
(3842,481)
(593,203)
(6401,995)
(8689,33)
(6625,453)
(6588,609)
(8450,1027)
(7240,1157)
(6067,41)
(5727,155)
(2768,209)
(6115,541)
(5639,1017)
(1822,225)
(289,411)
(5378,1061)
(6540,941)
(8014,151)
(348,371)
(8054,297)
(6317,373)
(8483,1209)
(4953,1381)
(1352,1083)
(1639,917)
(9521,1231)
(3,1301)
(2849,167)
(1561,1241)
(2346,269)
(3053,1245)
(4106,271)
(8186,1365)
(681,1017)
(9785,19)
(777,733)
(4308,547)
(9228,713)
(597,407)
(4403,225)
(711,493)
(2195,1255)
(7608,191)
(9385,1029)
(5709,439)
(2717,2219)
(7750,2099)
(2287,425)
(1664,925)
(1770,787)
(1899,593)
(4175,307)
(740,297)
(5044,1033)
(1792,201)
(8476,567)
(4836,1249)
(1583,119)
(7981,105)
(8865,751)
(2306,403)
(4421,821)
(61,35)
(5114,113)
(9947,1447)
(9976,973)
(1433,483)
(7930,1049)
(755,255)
(2401,75)
(1844,193)
(6797,865)
(8696,259)
(8579,1585)
(9558,449)
(2225,433)
(9400,2177)
(3981,261)
(8168,127)
(1789,1261)
(5220,71)
(3813,165)
(5495,529)
(6515,79)
(4128,503)
(399,429)
(5396,677)
(3130,1207)
(2133,1263)
(3930,539)
(6027,217)
(2892,885)
(2162,749)
(4719,79)
(4986,221)
(1408,189)
(6155,173)
(1125,879)
(6353,1281)
(8993,729)
(7237,629)
(7516,1149)
(8090,941)
(9367,79)
(4395,81)
(8997,503)
(8784,421)
(3644,671)
(8490,269)
(5213,997)
(2357,643)
(1022,255)
(2614,1753)
(7909,1329)
(1257,201)
(6757,59)
(9693,821)
(2515,1145)
(4546,193)
(5327,507)
(9918,553)
(8663,977)
(6478,477)
(102,255)
(2573,799)
(2148,307)
(1701,127)
(5217,59)
(5275,483)
(7163,539)
(7541,511)
(2313,571)
(6232,421)
(7170,109)
(8377,1025)
(506,559)
(9451,967)
(1888,779)
(3336,299)
(9239,889)
(2731,773)
(935,615)
(6911,563)
(5356,391)
(8135,497)
(8355,1)
(1059,877)
(3516,485)
(5154,381)
(6690,367)
(3619,175)
(8623,1203)
(3321,1329)
(9987,837)
(9426,755)
(6856,1279)
(2056,1721)
(5701,195)
(3215,2047)
(2533,191)
(2562,485)
(3497,695)
(7387,165)
(8847,623)
(9745,945)
(1246,813)
(997,629)
(6085,77)
(1224,771)
(3860,191)
(4436,301)
(6823,447)
(6229,573)
(4814,877)
(1811,1127)
(5015,299)
(6023,563)
(6933,2013)
(9565,43)
(9796,503)
(5653,115)
(5888,819)
(8924,537)
(1749,561)
(2786,599)
(5910,975)
(6489,1225)
(4667,749)
(630,191)
(663,223)
(8018,1627)
(3897,17)
(4090,235)
(7354,815)
(9859,71)
(968,499)
(4708,1009)
(2885,723)
(223,467)
(4997,315)
(8700,31)
(4193,1065)
(285,2073)
(4670,515)
(6735,31)
(281,203)
(883,915)
(5206,1045)
(8975,141)
(8164,763)
(6687,31)
(4506,463)
(9404,881)
(6328,489)
(6849,191)
(9664,301)
(3541,223)
(3024,371)
(1602,89)
(6713,631)
(9855,1741)
(2863,1075)
(4502,1003)
(1154,1211)
(333,95)
(4326,185)
(2405,259)
(8788,1469)
(2441,1065)
(6096,719)
(4458,1219)
(1004,2717)
(8362,771)
(8836,931)
(3680,935)
(8807,301)
(821,589)
(6272,1173)
(8902,407)
(4241,625)
(2720,419)
(1381,235)
(403,1227)
(2324,245)
(1334,1637)
(3093,487)
(6056,9)
(7505,103)
(1950,759)
(3769,421)
(5734,781)
(1660,223)
(5147,1395)
(9635,523)
(4300,1167)
(4689,43)
(322,183)
(8230,57)
(1576,909)
(6100,197)
(9491,327)
(7369,127)
(3684,365)
(7772,1205)
(2331,1121)
(524,93)
(6874,1375)
(4274,197)
(5282,689)
(4032,301)
(4146,47)
(197,1197)
(7949,1417)
(7732,473)
(4957,35)
(5363,35)
(3871,745)
(696,1265)
(1510,441)
(5488,215)
(1785,1635)
(6371,63)
(5660,543)
(8102,803)
(2470,911)
(7288,127)
(7754,67)
(8131,507)
(9738,169)
(7255,453)
(1048,249)
(3471,399)
(7673,877)
(6445,863)
(9099,89)
(986,453)
(3446,1089)
(8344,759)
(8399,569)
(2119,719)
(5305,525)
(6368,965)
(9473,209)
(8171,179)
(829,567)
(6382,853)
(5994,431)
(8249,765)
(6775,217)
(5231,377)
(4681,1039)
(1161,1831)
(2382,233)
(4113,697)
(2551,31)
(5800,249)
(135,485)
(7464,183)
(2070,1043)
(4230,213)
(4854,1195)
(1781,19)
(171,209)
(1848,565)
(5374,715)
(9374,689)
(9994,107)
(8898,599)
(9048,75)
(8388,435)
(4906,1287)
(9419,955)
(3721,439)
(5055,1279)
(7633,181)
(4861,165)
(3905,59)
(6838,495)
(4120,623)
(9880,853)
(3057,143)
(4289,53)
(3886,567)
(5873,469)
(8315,91)
(2603,45)
(960,765)
(5107,163)
(2580,185)
(4058,909)
(3699,709)
(5730,931)
(8649,353)
(1730,943)
(6009,321)
(4564,45)
(6247,341)
(2629,2083)
(4117,581)
(9073,445)
(3640,1029)
(3262,293)
(7435,1633)
(4348,411)
(6276,419)
(7831,455)
(1099,861)
(32,1359)
(8920,243)
(719,77)
(689,203)
(1961,2175)
(5176,81)
(4560,405)
(3732,177)
(6331,417)
(6016,735)
(7563,325)
(9316,73)
(2643,615)
(395,1415)
(9440,751)
(4641,645)
(9253,1043)
(7820,1597)
(7853,603)
(9679,333)
(9998,829)
(8539,487)
(8861,655)
(4227,2075)
(1675,1027)
(3208,199)
(9932,229)
(1910,1619)
(9154,333)
(1268,1313)
(4773,105)
(8498,599)
(1228,1171)
(5877,307)
(3042,83)
(5613,187)
(7446,885)
(3527,103)
(9231,1149)
(4645,765)
(6805,319)
(3174,63)
(9613,215)
(9594,19)
(1800,181)
(2452,195)
(8791,729)
(3772,1667)
(751,599)
(4627,1053)
(6287,215)
(4872,103)
(326,397)
(560,349)
(3923,735)
(6584,717)
(3662,1009)
(5125,1031)
(7079,171)
(807,1733)
(1349,645)
(7262,1037)
(1606,1085)
(7776,617)
(7200,915)
(2919,507)
(9536,355)
(4788,1161)
(5936,685)
(6683,969)
(4003,621)
(5088,657)
(7329,91)
(2423,1475)
(586,217)
(5789,195)
(6548,245)
(3390,199)
(2636,715)
(6320,815)
(8418,605)
(351,221)
(3725,1149)
(6948,1205)
(5918,613)
(3893,671)
(8744,857)
(7644,883)
(4791,39)
(6610,541)
(8010,615)
(9822,321)
(2368,1609)
(737,1199)
(9620,83)
(9550,417)
(2489,2583)
(1558,81)
(366,749)
(4656,77)
(9040,1185)
(7622,93)
(4087,157)
(8692,181)
(8634,1859)
(3567,103)
(9286,607)
(5840,935)
(1488,737)
(6126,403)
(8609,1371)
(7068,361)
(1716,547)
(2218,835)
(5583,29)
(7035,299)
(3952,813)
(8630,13)
(8487,285)
(744,1505)
(2544,1037)
(8076,1441)
(3431,37)
(8748,543)
(2540,1297)
(1624,1297)
(982,1073)
(3406,483)
(5844,657)
