(3492,837)
(6048,541)
(8989,517)
(6646,199)
(9487,631)
(5872,2177)
(6293,175)
(5362,379)
(2033,765)
(7830,921)
(7342,435)
(5274,495)
(9230,291)
(7676,1789)
(9205,471)
(6015,1253)
(831,1591)
(9586,341)
(7559,145)
(7603,127)
(3159,363)
(1472,1523)
(8729,785)
(9894,1557)
(4387,2261)
(6837,1749)
(8042,209)
(556,1775)
(3573,1057)
(7717,421)
(383,447)
(2132,1127)
(7423,793)
(8585,405)
(5593,289)
(4057,7)
(6932,1285)
(9476,321)
(6741,205)
(1241,635)
(7184,1773)
(5766,147)
(9209,819)
(5384,1661)
(1384,393)
(6220,441)
(8031,347)
(8828,1591)
(5249,17)
(1546,85)
(4949,477)
(6587,823)
(4556,277)
(406,621)
(9902,239)
(6466,761)
(3830,949)
(1351,1047)
(1836,687)
(9575,375)
(2547,757)
(6271,1077)
(174,283)
(9528,117)
(4644,77)
(413,1013)
(7144,329)
(1971,3)
(5744,651)
(9319,999)
(9296,423)
(2147,99)
(1535,459)
(8208,1171)
(1139,323)
(6994,1051)
(6392,655)
(9917,1587)
(3764,839)
(8310,123)
(3504,123)
(222,519)
(5087,421)
(5447,867)
(6477,1007)
(4772,1025)
(2583,301)
(3441,233)
(7881,65)
(6084,1013)
(2301,887)
(5777,2201)
(2851,1615)
(6422,861)
(105,737)
(8240,317)
(6411,731)
(7933,11)
(9146,1965)
(5737,651)
(9670,249)
(4006,1165)
(5443,887)
(9117,615)
(6954,637)
(2026,163)
(3313,1337)
(8336,471)
(8413,919)
(7276,821)
(9807,367)
(4310,1123)
(358,267)
(3302,7)
(5571,23)
(754,793)
(376,1261)
(7922,1177)
(3470,641)
(3584,221)
(3908,419)
(5920,561)
(4570,199)
(170,865)
(5391,1093)
(8703,777)
(1461,1051)
(185,1433)
(266,35)
(7515,1085)
(1399,501)
(4013,983)
(6378,123)
(4868,881)
(8453,401)
(4611,243)
(1825,395)
(8398,579)
(343,297)
(9733,629)
(6011,1089)
(8527,133)
(4468,191)
(3023,259)
(4651,505)
(4192,1081)
(5582,827)
(9010,1005)
(2550,943)
(4622,373)
(2484,447)
(3236,3)
(9667,599)
(4479,237)
(6561,431)
(8329,415)
(703,761)
(1311,845)
(1175,931)
(6514,499)
(8574,39)
(1780,495)
(4071,457)
(4365,79)
(5072,2243)
(3786,613)
(6367,541)
(6851,5)
(3878,307)
(3980,489)
(5182,177)
(8846,543)
(2958,709)
(4967,1127)
(1007,155)
(7742,201)
(9997,463)
(8761,495)
(8831,1073)
(2712,889)
(1018,347)
(3746,311)
(2257,779)
(9777,689)
(4806,1009)
(3258,277)
(7045,95)
(4637,141)
(6701,523)
(5407,947)
(9113,503)
(3063,1357)
(4280,87)
(9542,517)
(2473,67)
(1469,195)
(4662,25)
(1113,1059)
(7306,207)
(6129,737)
(3599,565)
(7511,383)
(204,415)
(439,175)
(7504,99)
(4699,137)
(5050,359)
(6767,153)
(3559,1053)
(7852,521)
(1319,1233)
(2602,469)
(2785,823)
(200,519)
(5113,915)
(3937,339)
(4534,133)
(4394,311)
(6169,987)
(8075,41)
(9681,2241)
(5083,385)
(6246,33)
(468,1595)
(8149,723)
(8871,467)
(8725,403)
(659,65)
(482,29)
(5711,83)
(2507,1175)
(5377,609)
(9931,391)
(2826,775)
(9252,1837)
(417,303)
(574,1925)
(4237,761)
(7948,733)
(4082,1407)
(505,71)
(5483,1091)
(2716,73)
(1890,351)
(2433,1495)
(93,465)
(6859,149)
(6095,453)
(604,1217)
(6712,199)
(8600,919)
(9799,815)
(9348,409)
(8468,1125)
(8204,511)
(9843,159)
(3591,909)
(3618,123)
(6811,239)
(5252,297)
(3474,497)
(60,79)
(3793,123)
(769,319)
(8097,757)
(8956,523)
(8277,655)
(3166,109)
(6503,1445)
(9854,49)
(1102,497)
(2767,21)
(4138,1061)
(196,147)
(2187,319)
(3430,75)
(6620,1759)
(2822,169)
(7401,717)
(9847,35)
(596,55)
(1733,491)
(9036,185)
(2477,297)
(3290,219)
(2525,275)
(4787,1037)
(6543,617)
(145,65)
(7551,659)
(6462,733)
(7966,633)
(4185,339)
(6565,785)
(6231,227)
(2855,329)
(9920,5)
(7782,95)
(2004,819)
(1876,371)
(1678,605)
(9869,245)
(3049,421)
(615,1747)
(934,243)
(4691,183)
(8538,935)
(8615,343)
(6000,309)
(2565,337)
(475,1659)
(1843,687)
(2594,811)
(4116,467)
(5326,327)
(5322,323)
(1292,255)
(5894,357)
(7632,481)
(7137,425)
(6826,1885)
(7382,565)
(750,459)
(5887,317)
(3522,303)
(5539,167)
(9380,1323)
(4893,415)
(5890,1215)
(6693,943)
(1193,2065)
(1744,1065)
(5025,367)
(9021,971)
(8170,787)
(6147,1219)
(9069,1853)
(509,749)
(5421,61)
(5953,209)
(1395,747)
(82,227)
(3108,627)
(7081,217)
(7324,1167)
(2837,265)
(1124,917)
(4123,467)
(5146,1125)
(6062,29)
(956,25)
(6440,145)
(691,117)
(2015,53)
(3401,643)
(4181,279)
(5094,79)
(4406,967)
(8945,1501)
(3580,2049)
(7625,1495)
(8138,823)
(2749,33)
(6132,9)
(8035,1175)
(299,413)
(7173,941)
(2084,1647)
(3500,1537)
(4604,887)
(8949,397)
(5931,65)
(4215,253)
(8765,5)
(6855,1473)
(8156,543)
(1414,469)
(6675,645)
(5355,959)
(9355,483)
(2408,449)
(4105,639)
(7229,169)
(8116,905)
(1216,49)
(1795,723)
(8332,479)
(802,531)
(2697,323)
(8347,843)
(7111,1159)
(2190,737)
(3621,841)
(6044,163)
(453,283)
(2657,335)
(5304,1229)
(8974,1251)
(329,1203)
(8266,627)
(5957,705)
(9018,1147)
(7405,5)
(5281,675)
(321,805)
(5502,201)
(1234,339)
(9708,615)
(1630,1457)
(901,107)
(1670,5)
(4424,867)
(5795,349)
(7849,1989)
(4329,439)
(8321,453)
(2789,625)
(1539,701)
(1502,1)
(9906,221)
(6910,349)
(4916,1433)
(7302,793)
(640,1259)
(1993,585)
(2154,159)
(5946,69)
(4372,539)
(8002,37)
(6657,821)
(4688,1117)
(3232,769)
(7243,187)
(9612,2287)
(2363,513)
(563,565)
(4813,387)
(8842,765)
(2877,1477)
(6040,43)
(7368,311)
(8105,785)
(9047,131)
(5124,1209)
(6895,1637)
(7768,7)
(3463,1027)
(9315,381)
(8592,39)
(3636,419)
(7522,217)
(4718,1449)
(9829,71)
(4963,723)
(2668,925)
(3122,1173)
(1777,1343)
(5979,529)
(5476,473)
(3360,515)
(6903,161)
(9832,75)
(1700,1837)
(5487,623)
(6781,907)
(442,289)
(4457,551)
(5270,2049)
(2260,143)
(5883,919)
(5494,785)
(2370,473)
(5098,771)
(516,213)
(8581,189)
(1571,929)
(1719,117)
(7445,845)
(5209,1079)
(3177,1085)
(5773,829)
(8325,115)
(1227,219)
(912,893)
(6356,461)
(600,427)
(1821,101)
(7757,1587)
(9029,1209)
(8860,1963)
(9711,333)
(2994,473)
(4846,1247)
(4956,111)
(219,525)
(2356,575)
(3005,607)
(8219,505)
(318,331)
(3973,195)
(5311,101)
(9780,403)
(9986,441)
(9025,559)
(3320,739)
(567,1261)
(2745,567)
(3904,185)
(97,31)
(3016,749)
(758,937)
(3881,997)
(1692,1889)
(280,557)
(611,751)
(2617,1441)
(7089,195)
(5348,423)
(1252,7)
(7786,535)
(9234,1833)
(3162,1171)
(2169,369)
(1832,71)
(8501,165)
(9238,979)
(5065,635)
(7449,525)
(9362,1645)
(7658,2359)
(4376,3)
(7283,105)
(7885,335)
(1425,413)
(9498,425)
(2932,509)
(2639,507)
(6969,963)
(130,593)
(4031,165)
(4035,953)
(4208,199)
(9689,233)
(1564,139)
(7797,179)
(8783,1039)
(4248,355)
(1072,1701)
(3991,807)
(9241,909)
(4527,1363)
(9649,717)
(743,241)
(9337,185)
(7870,535)
(8402,877)
(4417,963)
(9766,549)
(6114,939)
(4145,239)
(8666,631)
(4163,647)
(7360,235)
(1652,943)
(141,1041)
(2756,331)
(156,313)
(6073,1327)
(7247,99)
(4471,231)
(8963,141)
(1894,15)
(6639,403)
(6536,1315)
(7548,1507)
(2202,669)
(4871,133)
(8493,587)
(3100,71)
(2198,1133)
(5414,123)
(772,957)
(835,1273)
(4710,201)
(127,851)
(4233,177)
(3331,267)
(4493,587)
(4743,455)
(6961,1559)
(7225,741)
(4321,903)
(7203,1007)
(2653,671)
(6338,131)
(6059,635)
(3577,1961)
(2840,1473)
(5755,593)
(7100,857)
(5308,511)
(4659,1221)
(7074,989)
(9227,469)
(2349,1149)
(2947,209)
(365,867)
(5751,1005)
(9913,967)
(3896,531)
(1531,1455)
(1751,377)
(4864,271)
(9979,877)
(9506,831)
(8659,191)
(7823,299)
(4875,471)
(1164,747)
(5762,991)
(9278,231)
(1979,89)
(6521,941)
(1263,715)
(5131,35)
(2143,37)
(3173,815)
(978,1955)
(7687,899)
(3001,167)
(9344,1189)
(680,119)
(8479,573)
(3416,361)
(6569,483)
(5740,231)
(1069,379)
(4857,677)
(9678,125)
(3955,213)
(4149,253)
(5649,249)
(7012,377)
(248,549)
(2693,505)
(1050,785)
(5458,1379)
(3823,2787)
(6583,1345)
(6990,61)
(684,1065)
(7386,461)
(8648,1095)
(7067,1453)
(9850,229)
(6444,351)
(5836,1799)
(5425,1087)
(9890,555)
(7746,83)
(7827,1035)
(3757,1373)
(1803,353)
(5410,257)
(6738,313)
(7085,833)
(3654,7)
(7159,1337)
(9391,251)
(4020,35)
(4985,177)
(5784,335)
(2378,1425)
(1061,1185)
(9964,81)
(101,501)
(4068,487)
(5748,365)
(9395,511)
(112,1421)
(6862,191)
(6606,849)
(8893,173)
(7643,395)
(1285,483)
(7672,1099)
(8039,767)
(2400,345)
(7474,901)
(8905,877)
(3779,51)
(1212,1105)
(4390,1181)
(167,285)
(493,309)
(7896,241)
(6396,273)
(3009,563)
(8093,251)
(5238,129)
(4585,865)
(6352,789)
(8152,2009)
(9674,421)
(284,143)
(3694,691)
(2253,367)
(1568,23)
(974,317)
(1704,1045)
(3144,395)
(662,35)
(714,719)
(6525,217)
(2392,377)
(8291,1423)
(7805,241)
(2752,1529)
(3676,835)
(6433,981)
(7133,1173)
(7845,621)
(1256,1293)
(9638,359)
(5128,251)
(2723,483)
(9971,25)
(1520,1057)
(2675,1455)
(8707,467)
(2059,147)
(5935,797)
(1029,1689)
(8552,1009)
(2671,1715)
(4262,217)
(4277,177)
(5388,1047)
(9546,1041)
(9090,321)
(4439,1787)
(6305,1165)
(9568,1433)
(9124,79)
(5623,333)
(9597,1331)
(1685,501)
(116,421)
(6844,487)
(2282,795)
(633,1641)
(6682,889)
(4769,153)
(6789,361)
(3449,1267)
(9050,977)
(24,441)
(3229,1269)
(3379,183)
(9623,601)
(530,1197)
(7702,819)
(2118,661)
(2741,805)
(7199,1215)
(3713,457)
(8112,1897)
(798,489)
(6437,1657)
(3852,1065)
(790,1825)
(5399,1175)
(4170,279)
(7298,749)
(2037,489)
(79,89)
(1014,1045)
(3478,473)
(1344,681)
(8684,155)
(7438,1067)
(7599,1437)
(7728,1105)
(9982,183)
(2044,407)
(277,779)
(7104,307)
(9171,1343)
(6840,347)
(2293,611)
(7812,737)
(2529,691)
(1131,507)
(6099,739)
(3346,329)
(3870,477)
(1490,773)
(2613,113)
(9490,233)
(673,239)
(1267,375)
(9106,1163)
(3191,203)
(3962,519)
(8442,217)
(211,153)
(1135,15)
(2660,149)
(981,511)
(7357,41)
(2129,285)
(2374,583)
(4189,265)
(3797,271)
(1098,2013)
(307,603)
(2888,3)
(2080,487)
(2862,79)
(1689,389)
(7555,471)
(2305,1695)
(2792,1571)
(2341,81)
(592,829)
(2705,1313)
(5366,579)
(5788,63)
(138,371)
(2462,85)
(5854,1069)
(6183,21)
(28,589)
(9197,629)
(8820,995)
(9436,519)
(6455,841)
(2950,491)
(8251,409)
(2664,2129)
(3805,887)
(1605,627)
(7265,1125)
(6800,691)
(1197,233)
(5117,403)
(8541,187)
(9876,1563)
(4314,241)
(4835,393)
(7056,2151)
(8318,555)
(6727,1279)
(2770,1067)
(5153,223)
(9270,1341)
(4567,1189)
(2419,431)
(4303,947)
(3959,653)
(4798,217)
(1748,205)
(5685,283)
(8428,1801)
(6480,551)
(2763,225)
(2536,257)
(5726,213)
(5300,935)
(9399,521)
(3067,1365)
(1708,921)
(5553,243)
(3683,1499)
(9898,317)
(8839,1013)
(3863,597)
(7739,1145)
(8284,165)
(9058,633)
(6976,847)
(4002,921)
(3540,635)
(4046,1225)
(8464,209)
(5278,113)
(5982,581)
(3269,1157)
(42,1131)
(2338,977)
(7863,1247)
(9175,825)
(8064,203)
(3753,1829)
(8163,101)
(1858,1471)
(1436,1075)
(7867,517)
(3195,1069)
(8743,913)
(1623,1131)
(3328,747)
(2437,1423)
(4901,1287)
(2055,497)
(8978,1527)
(5722,297)
(7092,345)
(4619,1009)
(7294,1215)
(5436,1021)
(9061,513)
(9810,621)
(9094,93)
(5858,497)
(648,593)
(5289,1061)
(8879,651)
(3092,99)
(3485,31)
(3148,315)
(4127,201)
(5829,461)
(5605,1469)
(1788,915)
(6080,283)
(1612,1155)
(4075,1813)
(5964,15)
(8923,517)
(8406,529)
(4273,111)
(8875,1353)
(8123,709)
(1476,77)
(7191,1273)
(2891,47)
(1274,527)
(6624,1047)
(2385,411)
(3519,181)
(7272,1763)
(3294,509)
(5803,29)
(8006,143)
(7991,691)
(927,315)
(4156,751)
(9157,1787)
(7951,87)
(2628,603)
(9564,645)
(5395,943)
(1388,463)
(2738,559)
(1524,545)
(6264,653)
(2635,1417)
(7669,681)
(9788,81)
(846,1711)
(13,1091)
(9340,455)
(8967,361)
(853,1043)
(1142,389)
(2642,1207)
(237,633)
(4970,625)
(8596,1431)
(5454,779)
(5832,1327)
(8189,1825)
(8530,71)
(3434,547)
(8237,179)
(4060,1417)
(6554,489)
(9182,689)
(8248,319)
(2976,263)
(9692,113)
(6679,841)
(5704,785)
(5142,1561)
(2264,927)
(2532,95)
(4101,67)
(842,461)
(2848,573)
(9960,625)
(2491,305)
(2969,397)
(2019,445)
(3199,707)
(3911,115)
(6576,487)
(4482,1011)
(6770,781)
(6617,1379)
(2455,305)
(75,1987)
(3566,1091)
(9139,485)
(2965,709)
(2873,1193)
(4853,131)
(5292,669)
(435,385)
(9883,469)
(3081,211)
(1270,269)
(7698,35)
(9304,409)
(4839,1391)
(17,411)
(3724,75)
(1447,385)
(5014,783)
(4288,887)
(361,1929)
(3287,107)
(2907,573)
(9421,217)
(783,353)
(1432,295)
(3188,225)
(163,2177)
(8769,857)
(9223,1255)
(2345,37)
(295,255)
(4512,813)
(5003,853)
(8938,375)
(1674,225)
(5351,853)
(2312,1069)
(5865,679)
(655,397)
(20,2329)
(5139,1519)
(3089,1035)
(3999,779)
(9168,1407)
(1722,325)
(9193,1613)
(6686,2149)
(3427,43)
(1157,503)
(6374,1103)
(3595,1055)
(8970,281)
(5997,1837)
(1465,977)
(1300,245)
(6309,393)
(8387,97)
(4141,641)
(4446,1139)
(2440,571)
(7629,829)
(2073,471)
(5007,635)
(7155,713)
(2925,871)
(5472,281)
(5906,87)
(4842,17)
(1403,547)
(86,261)
(6150,549)
(8420,1277)
(4516,515)
(1902,761)
(9513,1259)
(666,875)
(4336,743)
(4747,979)
(3816,513)
(6330,235)
(2275,955)
(2929,281)
(2800,1009)
(4655,199)
(1326,477)
(3452,625)
(9432,433)
(3104,989)
(4608,417)
(6613,613)
(4299,273)
(5520,89)
(6877,139)
(7607,157)
(6228,201)
(3371,855)
(6242,379)
(8886,1919)
(8563,1353)
(9267,1521)
(9645,97)
(3456,205)
(8358,473)
(941,71)
(2008,1149)
(4332,1791)
(2624,159)
(8394,789)
(6888,521)
(8754,1219)
(9014,597)
(4350,583)
(3012,2775)
(5285,273)
(5942,193)
(8024,1057)
(7984,353)
(5814,1673)
(7793,743)
(288,237)
(3412,1929)
(2404,621)
(2819,133)
(4347,79)
(6077,1895)
(1850,801)
(897,1905)
(5186,763)
(7760,1047)
(6448,401)
(1766,981)
(6774,569)
(7537,409)
(4307,91)
(1450,361)
(2918,109)
(7463,643)
(3342,103)
(1986,515)
(5924,177)
(310,1003)
(4354,137)
(3137,1027)
(5171,633)
(7151,333)
(5667,1393)
(8497,259)
(9292,505)
(3133,2145)
(5032,357)
(5939,265)
(6756,655)
(2217,2225)
(5700,563)
(2125,95)
(1047,419)
(5061,1339)
(6921,1653)
(8549,147)
(945,341)
(1498,135)
(3339,173)
(8677,1957)
(6279,553)
(6752,187)
(9483,141)
(2268,929)
(710,5)
(9791,601)
(8857,243)
(9003,1017)
(5719,741)
(1924,829)
(1296,1525)
(9593,303)
(1784,545)
(2804,305)
(35,615)
(970,581)
(1090,1999)
(1920,1015)
(1939,937)
(8992,907)
(4790,2025)
(6198,409)
(4112,1055)
(5586,351)
(5157,377)
(7140,537)
(3698,83)
(3155,2103)
(5696,127)
(5843,175)
(6066,689)
(420,401)
(7915,169)
(7339,1365)
(2521,1235)
(7412,1253)
(8941,269)
(7959,841)
(8017,887)
(5601,97)
(4196,123)
(7393,281)
(3940,1037)
(2631,237)
(4626,895)
(1810,161)
(4666,805)
(6558,407)
(4109,1325)
(2983,235)
(1609,1453)
(7108,1157)
(3555,347)
(7908,1081)
(4981,555)
(6217,219)
(4435,289)
(2110,647)
(5663,189)
(8790,47)
(1160,437)
(725,331)
(1421,425)
(4633,619)
(1593,2467)
(3551,863)
(2572,447)
(2228,415)
(5263,311)
(3070,625)
(6965,481)
(9704,347)
(7331,645)
(3306,121)
(4992,553)
(6705,1237)
(53,495)
(1249,863)
(3948,1381)
(1799,1313)
(7775,2507)
(8383,837)
(2051,123)
(7892,1625)
(4802,365)
(7207,775)
(6785,1711)
(8570,485)
(5465,1267)
(8556,151)
(3265,447)
(3324,707)
(8608,565)
(6891,1637)
(2271,321)
(6929,631)
(9795,1267)
(5546,1373)
(8619,59)
(9384,617)
(4648,941)
(6983,989)
(2206,113)
(4758,909)
(2095,123)
(7320,775)
(9696,1929)
(4541,605)
(688,863)
(2466,141)
(6389,157)
(8909,105)
(2833,519)
(5627,15)
(8376,447)
(3111,1181)
(1380,1181)
