(2828,131)
(2350,1485)
(7289,621)
(9100,393)
(312,1907)
(6299,531)
(9290,625)
(8792,575)
(5360,121)
(5317,969)
(5177,41)
(9760,119)
(2277,789)
(642,43)
(3142,215)
(792,1521)
(4088,291)
(5405,463)
(2105,531)
(9320,1973)
(466,1125)
(3249,1153)
(2493,849)
(5111,1261)
(6831,583)
(749,643)
(7267,823)
(5012,541)
(4044,369)
(2475,95)
(7829,603)
(6817,251)
(4994,493)
(5636,735)
(4668,731)
(8293,285)
(1962,583)
(6530,63)
(8271,1169)
(91,777)
(9328,71)
(5041,409)
(7003,215)
(5919,823)
(1027,233)
(4697,941)
(5199,2283)
(3458,53)
(7957,757)
(5397,223)
(3490,11)
(2938,1129)
(9551,471)
(4422,987)
(6901,453)
(8345,99)
(9412,1621)
(6075,593)
(3168,293)
(3179,111)
(9911,789)
(9155,515)
(7913,309)
(8044,249)
(1584,305)
(8282,175)
(4792,883)
(2390,695)
(6813,501)
(8080,1165)
(5661,953)
(5823,49)
(7971,139)
(7704,707)
(3263,173)
(6321,625)
(4349,371)
(3292,163)
(8198,793)
(2288,261)
(6079,401)
(2596,847)
(7410,351)
(4495,2217)
(3726,565)
(6596,9)
(6853,645)
(1070,435)
(5283,143)
(6871,901)
(1375,479)
(7692,409)
(2813,533)
(4631,173)
(5948,99)
(6314,369)
(2307,85)
(6028,1233)
(7502,233)
(8899,823)
(1324,849)
(3630,81)
(6732,1)
(7788,969)
(1430,869)
(6608,377)
(6615,1841)
(9184,489)
(6266,891)
(1247,551)
(6992,1883)
(8943,545)
(8099,697)
(8741,127)
(9074,141)
(5955,277)
(4305,809)
(5669,409)
(7535,675)
(3656,691)
(5438,315)
(7373,597)
(1980,313)
(7517,1565)
(6039,1189)
(594,867)
(2439,175)
(2181,173)
(8213,59)
(756,1353)
(3410,193)
(5533,1143)
(3850,261)
(2435,101)
(3582,465)
(6552,497)
(6633,537)
(7193,755)
(3175,309)
(7678,1475)
(7546,247)
(9805,389)
(5081,419)
(5768,791)
(3403,19)
(9816,435)
(5210,1065)
(4947,1501)
(8628,773)
(958,853)
(6464,297)
(5782,535)
(3795,1357)
(9063,1221)
(9838,659)
(3917,741)
(4499,677)
(3667,159)
(7348,299)
(1133,1629)
(6332,881)
(2024,537)
(1908,837)
(8433,549)
(9104,415)
(1078,77)
(6211,339)
(2079,1367)
(7175,1685)
(6093,1847)
(305,257)
(8796,755)
(5728,511)
(7766,263)
(4480,1081)
(5654,309)
(983,1143)
(6501,657)
(6644,889)
(2787,103)
(1225,153)
(330,117)
(2945,309)
(7946,1075)
(1580,1675)
(7762,9)
(2772,1419)
(9731,409)
(5382,109)
(7858,217)
(8880,1713)
(9382,57)
(3157,325)
(3777,11)
(9298,605)
(8749,1321)
(1386,265)
(5155,837)
(5610,849)
(2413,351)
(9067,1591)
(6574,1221)
(5515,309)
(9180,357)
(1199,575)
(4084,1697)
(2912,519)
(1900,353)
(1195,1193)
(705,359)
(2420,373)
(2725,951)
(8576,523)
(5386,1383)
(3304,351)
(1306,69)
(3609,157)
(6020,1153)
(969,565)
(990,213)
(4602,737)
(3601,1229)
(6710,377)
(1261,81)
(4022,763)
(1526,667)
(5180,175)
(7337,343)
(6442,39)
(6758,783)
(6527,443)
(8422,1559)
(1258,401)
(2310,783)
(4217,703)
(5085,535)
(2002,891)
(4848,871)
(4529,35)
(4800,1635)
(4983,1009)
(6471,699)
(6604,797)
(525,169)
(9658,1785)
(7748,701)
(2552,1199)
(8143,109)
(1081,489)
(5870,195)
(5331,61)
(954,645)
(9078,1221)
(4815,817)
(6295,1243)
(3029,739)
(1955,1629)
(2035,221)
(5441,917)
(491,509)
(9287,725)
(1470,1353)
(1519,505)
(7689,1299)
(1214,39)
(2927,643)
(1881,865)
(5287,427)
(862,503)
(6138,285)
(3333,465)
(187,261)
(1405,19)
(5467,443)
(9841,323)
(6923,341)
(9272,639)
(8620,283)
(5100,1127)
(851,655)
(3982,1171)
(235,205)
(5658,1719)
(6185,671)
(9537,1393)
(8448,203)
(8389,433)
(4213,425)
(7131,489)
(8297,151)
(2585,1263)
(770,17)
(6288,387)
(2082,1037)
(7069,209)
(8426,601)
(3814,41)
(1852,1391)
(8738,1529)
(3843,47)
(9122,147)
(9232,1303)
(9870,1363)
(282,1035)
(3524,913)
(5834,445)
(6215,669)
(2017,155)
(190,163)
(1290,661)
(5023,705)
(7843,1493)
(9441,59)
(1647,957)
(5045,447)
(2208,597)
(8866,275)
(9555,977)
(9827,31)
(7513,13)
(9874,115)
(2952,569)
(815,443)
(5540,451)
(6398,241)
(7032,1167)
(2149,1333)
(3256,695)
(7241,1033)
(8183,1973)
(2626,7)
(477,429)
(1320,203)
(3014,553)
(6181,1547)
(8473,479)
(9647,1493)
(2956,681)
(7072,661)
(5485,91)
(5614,963)
(7593,909)
(6707,753)
(2974,1475)
(6538,583)
(6699,473)
(3920,23)
(4914,979)
(3322,935)
(1991,1011)
(8136,2371)
(4158,591)
(2651,495)
(2758,35)
(9661,1565)
(808,671)
(1618,471)
(4202,709)
(826,423)
(1823,693)
(5665,443)
(3193,1581)
(7319,605)
(877,803)
(3975,255)
(3380,179)
(6729,2069)
(2736,821)
(6666,869)
(602,665)
(1849,325)
(6291,531)
(9467,1763)
(6736,1389)
(8363,545)
(8367,753)
(521,13)
(3861,191)
(4554,803)
(4873,761)
(2431,347)
(8767,901)
(2046,859)
(1030,253)
(4257,719)
(510,407)
(4066,125)
(1603,1035)
(3366,1425)
(309,917)
(5063,17)
(1218,23)
(3201,577)
(8727,435)
(9489,1653)
(3267,753)
(8785,263)
(1768,685)
(4374,1047)
(4682,165)
(5492,1017)
(598,1357)
(228,923)
(727,681)
(1294,91)
(2442,1019)
(4745,517)
(5973,385)
(8653,39)
(2486,275)
(7832,277)
(9092,711)
(6358,385)
(7304,385)
(2688,21)
(3670,771)
(3641,1015)
(752,97)
(1438,255)
(1676,105)
(2237,303)
(5812,11)
(5937,365)
(4620,569)
(1966,71)
(2336,135)
(961,319)
(6970,1259)
(7641,957)
(1111,531)
(1144,21)
(1155,57)
(8150,207)
(804,559)
(4990,791)
(6938,1029)
(8547,3)
(3751,145)
(437,529)
(5481,13)
(9203,191)
(8129,89)
(6981,207)
(1995,1213)
(4789,881)
(5416,231)
(5232,59)
(7458,153)
(6303,51)
(1162,1097)
(6534,329)
(8091,47)
(9140,439)
(6648,447)
(4521,1123)
(9904,761)
(6794,629)
(1331,101)
(5313,1039)
(9030,73)
(8895,681)
(1771,1)
(4808,285)
(2383,1547)
(2761,1275)
(6152,351)
(6581,175)
(136,545)
(8349,163)
(9049,1465)
(1023,1601)
(4183,137)
(2387,253)
(7553,1119)
(2134,225)
(5247,85)
(224,571)
(4271,489)
(1838,1621)
(2170,437)
(2343,501)
(7601,273)
(1760,1091)
(4767,419)
(7605,295)
(3245,563)
(3010,359)
(3131,299)
(9515,1095)
(9218,1057)
(4080,1015)
(1423,173)
(9654,227)
(3780,1223)
(1830,653)
(2325,1923)
(4811,1057)
(1786,1355)
(9214,463)
(8312,749)
(620,21)
(8316,1345)
(2248,629)
(5434,1783)
(80,809)
(1412,433)
(455,509)
(4190,321)
(8190,29)
(7799,841)
(327,1543)
(7993,321)
(3281,523)
(5724,659)
(6640,2013)
(8381,1581)
(5731,257)
(6167,237)
(8709,903)
(5980,581)
(77,1607)
(260,173)
(5580,865)
(9034,677)
(5038,805)
(1063,115)
(4099,215)
(1595,157)
(7205,67)
(385,1335)
(925,897)
(2905,1787)
(7227,501)
(7630,805)
(5625,1609)
(514,643)
(3520,583)
(1757,417)
(5243,73)
(4194,413)
(4220,41)
(6765,1159)
(4107,259)
(4132,991)
(7649,1525)
(2718,281)
(2790,1509)
(8675,1003)
(5115,465)
(9830,1655)
(451,863)
(3139,699)
(7333,151)
(547,171)
(1650,133)
(8161,545)
(1229,1663)
(8341,237)
(2086,635)
(7876,35)
(1287,1197)
(3715,849)
(3502,51)
(569,677)
(4525,379)
(4932,569)
(5221,781)
(5650,1777)
(1096,79)
(4785,501)
(7403,1583)
(6677,173)
(1896,345)
(9650,41)
(3696,345)
(4246,197)
(4576,1557)
(2266,465)
(8789,335)
(6703,137)
(1100,135)
(7164,611)
(2677,1045)
(9397,395)
(558,1007)
(316,803)
(7171,1687)
(7656,617)
(1713,1955)
(2130,793)
(5452,129)
(2622,215)
(8929,429)
(6798,451)
(2967,1207)
(1672,959)
(5188,71)
(7964,577)
(7920,215)
(8781,33)
(716,697)
(440,263)
(5166,921)
(4507,2107)
(4583,1229)
(2280,647)
(143,497)
(8415,1885)
(2512,205)
(3906,1429)
(8730,249)
(8231,737)
(2589,201)
(6875,489)
(998,549)
(837,153)
(3450,589)
(1867,875)
(9119,421)
(3557,485)
(9393,397)
(1180,19)
(114,143)
(3869,119)
(2031,117)
(3036,259)
(1863,909)
(1816,823)
(9618,1163)
(7751,143)
(4316,471)
(62,1339)
(6101,363)
(1566,663)
(5119,323)
(6413,1361)
(7645,703)
(3454,2189)
(9504,175)
(279,417)
(6387,75)
(3506,817)
(2167,739)
(2303,1051)
(2581,629)
(774,5)
(8220,401)
(5672,751)
(9115,59)
(9724,1069)
(4705,11)
(8877,49)
(9470,557)
(550,689)
(3216,151)
(3971,867)
(6170,945)
(3898,861)
(9739,1283)
(639,463)
(855,275)
(8888,505)
(2428,171)
(6071,805)
(6695,811)
(1283,259)
(1782,119)
(2824,165)
(2570,213)
(7722,1469)
(4040,643)
(8840,1285)
(9199,407)
(396,771)
(7090,1737)
(9768,183)
(686,775)
(3461,1237)
(6006,519)
(2446,53)
(572,157)
(3946,121)
(1889,347)
(4491,217)
(1577,31)
(4712,1795)
(5838,1137)
(9834,1373)
(2101,1053)
(370,1115)
(7223,365)
(8480,811)
(6024,813)
(9845,771)
(8594,811)
(2071,477)
(8187,211)
(4448,503)
(8404,49)
(8734,77)
(6523,673)
(202,67)
(7814,1597)
(7638,655)
(7979,115)
(1728,601)
(8855,735)
(2901,557)
(518,99)
(7197,625)
(4051,541)
(9173,241)
(7733,1161)
(4617,1817)
(5739,579)
(5904,1539)
(8260,965)
(1492,411)
(590,667)
(239,79)
(635,2045)
(7571,37)
(4033,153)
(8565,127)
(1694,603)
(6842,111)
(675,449)
(5236,133)
(6790,53)
(4437,713)
(7744,481)
(8033,849)
(5760,1281)
(6592,459)
(8668,293)
(1232,577)
(4091,2033)
(3197,421)
(9944,465)
(2783,403)
(4309,667)
(4301,235)
(7296,45)
(381,425)
(9449,1335)
(4976,357)
(1067,401)
(660,913)
(4855,1421)
(2372,443)
(5357,1769)
(6688,59)
(4899,839)
(6967,789)
(5276,829)
(9159,743)
(6446,1135)
(657,1339)
(5016,271)
(4114,1367)
(176,799)
(66,97)
(1797,1269)
(8462,1573)
(220,955)
(8914,307)
(5908,833)
(628,825)
(158,595)
(7234,1853)
(6846,175)
(2057,201)
(3597,1475)
(6776,575)
(9643,983)
(6828,2033)
(7487,233)
(8408,279)
(8954,113)
(8693,5)
(932,165)
(1364,919)
(9603,271)
(4998,501)
(3575,57)
(5519,605)
(9610,543)
(1177,51)
(8400,333)
(7366,767)
(3593,881)
(4279,1379)
(5470,277)
(3098,761)
(3182,9)
(4334,757)
(507,859)
(4011,567)
(4569,1261)
(3708,1327)
(1137,571)
(5878,409)
(2842,567)
(6244,523)
(8374,1127)
(3388,99)
(7524,109)
(693,933)
(7201,1)
(3957,283)
(5074,1139)
(2549,1049)
(9375,335)
(6941,1237)
(785,1149)
(150,1499)
(2659,5)
(6200,1139)
(1005,1093)
(4459,481)
(1342,245)
(5335,1209)
(4264,1143)
(4385,685)
(7674,885)
(7142,267)
(6626,365)
(5591,605)
(8495,243)
(1298,567)
(5489,55)
(6406,683)
(22,887)
(4590,863)
(8011,613)
(8503,1033)
(1489,847)
(6802,549)
(7359,437)
(7531,1373)
(899,421)
(2802,305)
(8121,345)
(965,77)
(3711,1133)
(3807,137)
(5261,597)
(5951,11)
(5298,951)
(2673,529)
(5856,427)
(5933,391)
(6134,279)
(5991,1051)
(796,1001)
(1683,123)
(9948,665)
(2053,655)
(7238,523)
(9463,375)
(9720,1377)
(1779,17)
(8613,337)
(8976,861)
(9001,1019)
(3054,1609)
(495,171)
(6567,353)
(9863,455)
(671,1387)
(8,1551)
(6394,1547)
(5005,3)
(5423,185)
(2259,687)
(4624,849)
(2680,759)
(4819,809)
(7711,879)
(7494,57)
(3494,255)
(1959,399)
(1207,315)
(217,57)
(4488,365)
(6369,769)
(9005,259)
(1409,85)
(9779,477)
(8440,1427)
(8723,229)
(1999,3)
(4268,2203)
(6747,1173)
(4381,19)
(1940,1843)
(2321,217)
(950,1123)
(4561,1159)
(6307,93)
(9364,819)
(2985,453)
(2732,883)
(5573,1011)
(8518,2113)
(3399,607)
(9959,627)
(6754,737)
(7883,51)
(2798,263)
(4532,587)
(9892,45)
(8305,1223)
(1841,1323)
(9775,187)
(5214,11)
(8077,749)
(4598,531)
(8572,61)
(9254,319)
(1049,999)
(5735,705)
(781,359)
(8907,981)
(7777,89)
(7847,1563)
(583,451)
(5940,1945)
(8176,893)
(646,329)
(9038,403)
(9331,1057)
(129,519)
(9511,447)
(5001,887)
(3021,305)
(1302,2065)
(6233,577)
(473,259)
(286,257)
(5052,69)
(7274,377)
(2112,1697)
(7755,881)
(6347,287)
(2655,1237)
(1793,687)
(9526,907)
(5562,197)
(2332,145)
(6361,735)
(6783,945)
(3377,141)
(7931,103)
(4572,217)
(2743,433)
(7469,251)
(4110,405)
(6053,999)
(1661,631)
(5962,489)
(9247,559)
(7278,291)
(9177,215)
(1393,965)
(3359,127)
(7355,13)
(723,623)
(2992,191)
(7670,365)
(253,605)
(7377,449)
(6493,93)
(9434,347)
(3326,157)
(9706,1057)
(2765,627)
(4253,673)
(3663,575)
(3351,661)
(3531,1119)
(5977,1139)
(6978,1511)
(1441,1495)
(5272,567)
(2699,205)
(5629,209)
(8224,2151)
(8521,205)
(9148,1111)
(5126,61)
(5401,407)
(8826,1563)
(4451,427)
(8206,1061)
(9423,435)
(8671,61)
(462,627)
(3025,361)
(6619,1339)
(9900,349)
(532,355)
(3678,423)
(9764,15)
(8763,663)
(5559,289)
(2996,191)
(3762,271)
(6372,191)
(1742,2413)
(9225,947)
(9409,765)
(9342,2401)
(8114,87)
(44,93)
(3069,803)
(9559,517)
(4862,723)
(1382,963)
(6255,1031)
(8040,935)
(1126,1435)
(8932,1615)
(4026,303)
(7157,261)
(8958,1525)
(8491,145)
(738,725)
(7102,169)
(2909,551)
(5551,635)
(1988,1739)
(8338,195)
(7043,413)
(9922,1333)
(4657,411)
(8705,425)
(4198,249)
(3799,1079)
(9801,737)
(9940,245)
(1243,583)
(800,495)
(7935,167)
(6864,337)
(9379,199)
(1629,145)
(9757,291)
(4503,1279)
(9717,703)
(1463,173)
(6556,805)
(8488,191)
(7472,663)
(987,721)
(1508,461)
(2398,557)
(4147,9)
(8752,385)
(3113,475)
(6949,705)
(891,987)
(8529,865)
(9735,49)
(8088,375)
(8679,383)
(2750,221)
(3421,193)
(2318,1003)
(5092,1343)
(8048,601)
(107,2351)
(3337,1119)
(8172,579)
(7179,369)
(3876,563)
(624,693)
(9508,509)
(1474,13)
(5863,209)
(3649,219)
(7344,333)
(422,1385)
(1449,761)
(9371,279)
(7557,1419)
(6417,893)
(4671,965)
(7050,745)
(2211,519)
(6251,135)
(778,1051)
(3568,217)
(914,97)
(3003,799)
(6655,563)
(7384,497)
(2284,1509)
(668,913)
(880,237)
(7780,2127)
(6284,485)
(8862,649)
(5588,171)
(8008,331)
(9995,627)
(7818,491)
(5537,1815)
(1045,65)
(9401,1085)
(3685,949)
(2314,241)
(4510,1079)
(6127,111)
(4059,565)
(2981,849)
(972,1379)
(7939,147)
(2497,897)
(3719,163)
(4103,9)
(9690,389)
(7461,969)
(1753,1397)
(8639,799)
(7182,1191)
(3308,551)
(484,655)
(5676,267)
(3238,93)
(5555,327)
(5144,1075)
(6189,1251)
(6435,235)
(8808,1333)
(9052,773)
(7087,2501)
(8334,423)
(5892,143)
(5915,1085)
(5379,1391)
(5595,1043)
(7773,1573)
(7975,1031)
(1915,217)
(6460,403)
(7803,1511)
(8819,1641)
(1427,109)
(4338,873)
(7117,1579)
(5849,727)
(2563,225)
(4239,1561)
(6509,247)
(8194,813)
(4514,895)
(2648,115)
(7285,851)
(4004,855)
(9984,691)
(8774,1087)
(2530,509)
(2538,41)
(4224,125)
(5207,199)
(5339,921)
(9687,895)
(3773,379)
(2970,1187)
(1885,465)
(5294,589)
(1973,1173)
(2424,505)
(7018,541)
(7681,695)
(9045,859)
(9955,1295)
(4679,633)
(8947,9)
(2556,379)
(4077,955)
(5229,13)
(4826,1061)
(3498,367)
(8419,695)
(3803,1619)
(5049,419)
(5218,765)
(6909,637)
(1478,681)
(9607,453)
(8587,413)
(3472,433)
(165,635)
(2941,957)
(6086,1155)
(9988,457)
(1481,1037)
(3186,355)
(8169,1131)
(9669,137)
(8837,177)
(3704,799)
(4477,557)
(246,1103)
(936,625)
(6725,1137)
(4363,5)
(994,881)
(103,531)
(8286,169)
(3373,731)
(8484,163)
(9771,159)
(5599,503)
(2640,1743)
(9991,233)
(3285,249)
(6622,1099)
(7146,125)
(9317,515)
(9753,755)
(4891,707)
(1537,1)
(9889,467)
(8925,63)
(2152,347)
(6057,1171)
(5690,581)
(7432,175)
(9496,221)
(4756,971)
(8635,149)
(132,415)
(1720,723)
(2604,97)
(7795,239)
(1551,123)
(7186,557)
(6248,965)
(3106,1449)
(8055,763)
(7010,1319)
(7263,215)
(6956,21)
(7083,1401)
(7700,187)
(8246,761)
(8062,1117)
(3124,495)
(7490,1659)
(2028,401)
(8411,519)
(8532,1469)
(4176,1373)
(4473,439)
(5504,1005)
(2817,215)
(5375,851)
