1	109
100	197
1000	1181
10000	589
1002	639
1004	2717
1005	1093
1007	155
1008	729
101	501
1013	807
1014	1045
1017	593
1018	347
102	255
1022	255
1023	1601
1024	955
1027	233
1029	1689
103	531
1030	253
1031	1945
1037	645
1044	381
1045	65
1047	419
1048	249
1049	999
105	737
1050	785
1051	345
1055	507
1057	19
1059	877
1060	23
1061	1185
1062	609
1063	115
1064	549
1067	401
1069	379
107	2351
1070	435
1072	1701
1073	1321
1075	1495
1077	223
1078	77
1079	197
108	1241
1081	489
1086	195
1090	1999
1093	259
1095	343
1096	79
1097	267
1098	2013
1099	861
1100	135
1101	63
1102	497
111	895
1110	71
1111	531
1113	1059
1114	315
112	1421
1121	259
1123	811
1124	917
1125	879
1126	1435
1129	231
113	317
1130	345
1131	507
1132	607
1133	1629
1134	397
1135	15
1137	571
1138	635
1139	323
114	143
1141	1339
1142	389
1143	155
1144	21
1147	1803
1150	487
1154	1211
1155	57
1157	503
1158	979
116	421
1160	437
1161	1831
1162	1097
1163	517
1164	747
1165	341
1170	779
1174	193
1175	931
1177	51
1180	19
1183	1043
1187	549
1189	477
119	75
1193	2065
1195	1193
1196	213
1197	233
1199	575
1200	383
1207	315
1208	35
1211	641
1212	1105
1214	39
1216	49
1218	23
1220	357
1224	771
1225	153
1226	231
1227	219
1228	1171
1229	1663
1231	563
1232	577
1234	339
1240	1791
1241	635
1242	779
1243	583
1246	813
1247	551
1249	863
1252	7
1256	1293
1257	201
1258	401
1259	375
126	1551
1261	81
1262	1337
1263	715
1266	43
1267	375
1268	1313
127	851
1270	269
1274	527
1275	947
1277	659
1280	1267
1282	145
1283	259
1284	1359
1285	483
1286	521
1287	1197
1288	729
129	519
1290	661
1291	1153
1292	255
1294	91
1296	1525
1297	247
1298	567
1299	977
13	1091
130	593
1300	245
1302	2065
1303	665
1306	69
1309	271
1310	231
1311	845
1314	301
1318	1125
1319	1233
132	415
1320	203
1321	329
1324	849
1326	477
1329	1463
133	399
1331	101
1334	1637
1341	1019
1342	245
1344	681
1349	645
135	485
1351	1047
1352	1083
136	545
1361	477
1364	919
1365	241
1369	163
1370	1355
1374	223
1375	479
138	371
1380	1181
1381	235
1382	963
1384	393
1386	265
1388	463
1393	965
1394	1113
1395	747
1396	339
1399	501
14	1099
1403	547
1405	19
1408	189
1409	85
141	1041
1411	3
1412	433
1414	469
142	301
1420	1859
1421	425
1422	1487
1423	173
1424	433
1425	413
1426	129
1427	109
1428	1793
143	497
1430	869
1431	43
1432	295
1433	483
1436	1075
1438	255
1439	977
1440	127
1441	1495
1442	455
1444	985
1447	385
1448	451
1449	761
145	65
1450	361
1457	91
146	483
1460	305
1461	1051
1463	173
1464	139
1465	977
1466	127
1469	195
1470	1353
1472	1523
1474	13
1476	77
1478	681
148	473
1481	1037
1482	231
1488	737
1489	847
1490	773
1492	411
1493	833
1498	135
150	1499
1501	155
1502	1
1508	461
1509	881
151	17
1510	441
1512	627
1516	1141
1518	577
1519	505
1520	1057
1524	545
1526	667
1527	1393
1531	1455
1534	133
1535	459
1537	1
1539	701
1546	85
1549	1217
1551	123
1554	309
1556	531
1558	81
156	313
1561	1241
1563	647
1564	139
1565	533
1566	663
1567	1241
1568	23
1569	743
157	431
1570	213
1571	929
1572	351
1576	909
1577	31
158	595
1580	1675
1581	443
1583	119
1584	305
159	355
1590	5
1593	2467
1594	539
1595	157
160	1125
1600	107
1602	89
1603	1035
1604	379
1605	627
1606	1085
1608	745
1609	1453
1612	1155
1613	91
1615	521
1618	471
162	167
1620	75
1623	1131
1624	1297
1629	145
163	2177
1630	1457
1631	1115
1637	993
1639	917
1644	429
1647	957
1648	1607
165	635
1650	133
1651	599
1652	943
1655	1825
166	281
1660	223
1661	631
1662	731
1664	925
1666	1387
167	285
1670	5
1671	377
1672	959
1673	1185
1674	225
1675	1027
1676	105
1677	371
1678	605
1682	427
1683	123
1685	501
1686	181
1688	1045
1689	389
1692	1889
1694	603
1697	55
17	411
170	865
1700	1837
1701	127
1703	551
1704	1045
1708	921
171	209
1710	2105
1712	1913
1713	1955
1714	443
1716	547
1718	213
1719	117
1720	723
1722	325
1723	721
1727	273
1728	601
1729	339
173	291
1730	943
1732	789
1733	491
1734	163
174	283
1742	2413
1744	1065
1745	297
1748	205
1749	561
1751	377
1752	539
1753	1397
1756	547
1757	417
1758	313
176	799
1760	1091
1765	1105
1766	981
1767	575
1768	685
177	1383
1770	787
1771	1
1772	753
1777	1343
1779	17
1780	495
1781	19
1782	119
1783	1101
1784	545
1785	1635
1786	1355
1788	915
1789	1261
179	433
1792	201
1793	687
1795	723
1797	1269
1798	67
1799	1313
1800	181
1802	323
1803	353
1804	37
1810	161
1811	1127
1813	789
1816	823
1817	423
1821	101
1822	225
1823	693
1825	395
1830	653
1831	613
1832	71
1833	105
1836	687
1838	1621
1839	587
184	27
1841	1323
1843	687
1844	193
1848	565
1849	325
185	1433
1850	801
1852	1391
1853	407
1857	7
1858	1471
1859	923
1860	1105
1862	909
1863	909
1864	405
1866	375
1867	875
1868	1335
187	261
1871	271
1876	371
1881	865
1885	465
1886	511
1888	779
1889	347
1890	351
1891	427
1893	391
1894	15
1895	355
1896	345
1897	529
1899	593
190	163
1900	353
1902	761
1907	841
1908	837
1910	1619
1912	37
1915	217
1916	1117
1920	1015
1924	829
1927	107
1929	1217
193	521
1934	705
1939	937
1940	1843
1941	567
1950	759
1952	477
1954	1161
1955	1629
1956	239
1958	449
1959	399
196	147
1961	2175
1962	583
1965	249
1966	71
1967	23
197	1197
1971	3
1972	419
1973	1173
1974	377
1976	115
1979	89
1980	313
1981	43
1986	515
1988	1739
1990	861
1991	1011
1992	143
1993	585
1995	1213
1996	183
1999	3
20	2329
200	519
2001	3243
2002	891
2003	2113
2004	819
2008	1149
201	763
2012	301
2014	829
2015	53
2016	405
2017	155
2018	503
2019	445
202	67
2024	537
2026	163
2027	1517
2028	401
2029	469
203	149
2030	19
2031	117
2033	765
2034	559
2035	221
2037	489
2038	15
204	415
2041	901
2043	223
2044	407
2046	859
2051	123
2053	655
2055	497
2056	1721
2057	201
2058	1591
2059	147
2065	265
2067	871
2069	1259
2070	1043
2071	477
2072	1301
2073	471
2076	569
2079	1367
2080	487
2081	819
2082	1037
2083	79
2084	1647
2085	49
2086	635
2087	529
209	1103
2092	1133
2095	123
2096	699
2100	1545
2101	1053
2105	531
2106	435
2108	1505
211	153
2110	647
2112	1697
2118	661
2119	719
2122	1289
2124	2251
2125	95
2126	131
2128	953
2129	285
2130	793
2131	93
2132	1127
2133	1263
2134	225
2139	331
214	627
2143	37
2147	99
2148	307
2149	1333
2152	347
2154	159
2155	1277
2157	537
2159	967
2160	803
2162	749
2167	739
2169	369
217	57
2170	437
2171	129
2173	1613
2175	761
2177	1301
2181	173
2187	319
219	525
2190	737
2195	1255
2197	645
2198	1133
22	887
220	955
2201	2187
2202	669
2203	17
2205	809
2206	113
2208	597
2211	519
2212	373
2217	2225
2218	835
222	519
2221	159
2223	1619
2225	433
2227	661
2228	415
223	467
2237	303
2238	281
224	571
2241	119
2245	325
2248	629
2249	455
2253	367
2254	149
2257	779
2259	687
2260	143
2263	1217
2264	927
2266	465
2268	929
2271	321
2275	955
2277	789
228	923
2280	647
2281	295
2282	795
2283	125
2284	1509
2285	1433
2287	425
2288	261
2292	175
2293	611
2296	43
23	183
230	285
2301	887
2303	1051
2305	1695
2306	403
2307	85
2308	325
2310	783
2311	185
2312	1069
2313	571
2314	241
2318	1003
2319	371
2321	217
2322	203
2324	245
2325	1923
2326	43
2331	1121
2332	145
2333	549
2336	135
2338	977
2339	1771
2341	81
2342	129
2343	501
2344	301
2345	37
2346	269
2349	1149
235	205
2350	1485
2353	77
2356	575
2357	643
2359	247
2360	681
2362	607
2363	513
2368	1609
237	633
2370	473
2372	443
2374	583
2378	1425
2379	683
2380	375
2382	233
2383	1547
2384	1039
2385	411
2386	395
2387	253
239	79
2390	695
2391	475
2392	377
2398	557
2399	335
24	441
2400	345
2401	75
2403	1583
2404	621
2405	259
2407	101
2408	449
2413	351
2414	803
2419	431
2420	373
2421	929
2423	1475
2424	505
2427	937
2428	171
2431	347
2433	1495
2435	101
2437	1423
2439	175
2440	571
2441	1065
2442	1019
2443	1045
2446	53
2447	881
2449	631
2450	247
2452	195
2454	491
2455	305
2458	775
246	1103
2461	335
2462	85
2463	69
2466	141
2467	185
2469	999
2470	911
2472	97
2473	67
2474	673
2475	95
2477	297
248	549
2484	447
2486	275
2487	253
2489	2583
2491	305
2492	543
2493	849
2496	227
2497	897
2498	1739
250	1513
2502	823
2506	103
2507	1175
2512	205
2515	1145
2517	81
252	1267
2521	1235
2522	853
2525	275
2529	691
253	605
2530	509
2531	87
2532	95
2533	191
2535	537
2536	257
2538	41
2539	211
2540	1297
2544	1037
2547	757
2549	1049
2550	943
2551	31
2552	1199
2553	1071
2556	379
2557	1103
2559	31
2562	485
2563	225
2565	337
2568	107
2570	213
2571	641
2572	447
2573	799
2575	1169
2579	95
258	87
2580	185
2581	629
2583	301
2585	1263
2586	461
2588	65
2589	201
2591	561
2593	423
2594	811
2596	847
2597	241
2599	419
260	173
2602	469
2603	45
2604	97
2605	399
2612	1119
2613	113
2614	1753
2617	1441
2618	167
2622	215
2623	379
2624	159
2626	7
2628	603
2629	2083
263	251
2631	237
2635	1417
2636	715
2638	1805
2639	507
2640	1743
2642	1207
2643	615
2647	1085
2648	115
2649	1323
2651	495
2652	443
2653	671
2655	1237
2656	449
2657	335
2659	5
266	35
2660	149
2664	2129
2665	993
2668	925
2670	817
2671	1715
2673	529
2675	1455
2677	1045
2680	759
2685	1165
2687	655
2688	21
2689	617
2693	505
2694	755
2696	1969
2697	323
2698	17
2699	205
27	717
2700	603
2705	1313
2712	889
2716	73
2717	2219
2718	281
272	37
2720	419
2722	833
2723	483
2724	895
2725	951
2726	703
2728	273
2731	773
2732	883
2735	439
2736	821
2737	425
2738	559
2739	1297
2740	507
2741	805
2742	1127
2743	433
2744	1213
2745	567
2748	407
2749	33
2750	221
2752	1529
2756	331
2758	35
2760	239
2761	1275
2763	225
2765	627
2767	21
2768	209
277	779
2770	1067
2772	1419
2777	397
2779	1755
278	955
2783	403
2784	75
2785	823
2786	599
2787	103
2789	625
279	417
2790	1509
2792	1571
2798	263
28	589
280	557
2800	1009
2802	305
2804	305
2805	79
2807	1069
281	203
2813	533
2814	1921
2817	215
2818	1065
2819	133
282	1035
2821	713
2822	169
2824	165
2826	775
2827	115
2828	131
2829	943
2832	747
2833	519
2837	265
284	143
2840	1473
2841	477
2842	567
2843	369
2848	573
2849	167
285	2073
2850	297
2851	1615
2852	839
2855	329
2858	115
286	257
2861	183
2862	79
2863	1075
2865	727
2869	437
2873	1193
2876	199
2877	1477
2878	339
288	237
2883	401
2885	723
2888	3
289	411
2891	47
2892	885
29	711
2900	591
2901	557
2905	1787
2906	795
2907	573
2909	551
2912	519
2918	109
2919	507
2920	565
2925	871
2927	643
2928	937
2929	281
2931	95
2932	509
2938	1129
2939	463
2941	957
2945	309
2947	209
295	255
2950	491
2952	569
2956	681
2957	657
2958	709
2960	495
2965	709
2966	1407
2967	1207
2968	1339
2969	397
2970	1187
2971	1673
2973	171
2974	1475
2975	765
2976	263
2977	951
2979	401
2981	849
2983	235
2985	453
2986	719
299	413
2992	191
2994	473
2996	191
3	1301
30	143
300	345
3001	167
3003	799
3004	53
3005	607
3009	563
3010	359
3011	491
3012	2775
3014	553
3016	749
3020	1191
3021	305
3023	259
3024	371
3025	361
3026	1507
3028	75
3029	739
3033	479
3036	259
3037	579
3040	1059
3042	83
3044	997
3046	811
3048	197
3049	421
305	257
3051	239
3053	1245
3054	1609
3057	143
306	195
3062	1995
3063	1357
3066	653
3067	1365
3069	803
307	603
3070	625
3071	1409
3073	137
3081	211
3089	1035
309	917
3092	99
3093	487
3095	977
3097	1705
3098	761
3099	173
310	1003
3100	71
3104	989
3106	1449
3107	309
3108	627
311	137
3111	1181
3113	475
3118	743
312	1907
3122	1173
3123	545
3124	495
3127	211
3129	35
3130	1207
3131	299
3133	2145
3137	1027
3139	699
3142	215
3143	735
3144	395
3147	1305
3148	315
3150	7
3152	383
3155	2103
3156	377
3157	325
3159	363
316	803
3162	1171
3165	59
3166	109
3167	141
3168	293
3169	91
3170	481
3173	815
3174	63
3175	309
3177	1085
3179	111
318	331
3182	9
3185	711
3186	355
3188	225
3191	203
3193	1581
3194	2603
3195	1069
3196	855
3197	421
3199	707
32	1359
320	1387
3201	577
3204	279
3208	199
321	805
3215	2047
3216	151
3217	35
322	183
3220	295
3229	1269
3232	769
3235	385
3236	3
3238	93
3239	1109
324	1819
3242	489
3244	529
3245	563
3246	587
3248	783
3249	1153
3253	403
3255	1325
3256	695
3258	277
3259	681
326	397
3260	295
3262	293
3263	173
3264	9
3265	447
3267	753
3268	865
3269	1157
327	1543
3271	1091
3273	1763
3275	567
328	383
3281	523
3282	1587
3285	249
3287	107
329	1203
3290	219
3292	163
3294	509
3297	153
330	117
3302	7
3303	1329
3304	351
3305	211
3306	121
3308	551
3309	1449
3312	305
3313	1337
3320	739
3321	1329
3322	935
3324	707
3326	157
3328	747
3329	597
333	95
3331	267
3333	465
3334	1379
3336	299
3337	1119
3339	173
3341	113
3342	103
3345	237
3346	329
3347	195
3349	1185
3350	545
3351	661
3352	955
3359	127
3360	515
3361	401
3366	1425
3367	917
3369	211
3371	855
3373	731
3376	1453
3377	141
3379	183
3380	179
3385	793
3387	123
3388	99
3390	199
3392	263
3399	607
34	591
3401	643
3402	789
3403	19
3404	39
3406	483
3408	151
3410	193
3411	923
3412	1929
3416	361
3419	455
342	1099
3420	265
3421	193
3422	197
3426	201
3427	43
343	297
3430	75
3431	37
3433	349
3434	547
3435	113
3437	177
3439	937
344	1005
3441	233
3444	17
3446	1089
3449	1267
3450	589
3452	625
3453	447
3454	2189
3456	205
3458	53
3459	461
3461	1237
3463	1027
3464	1241
3466	371
3470	641
3471	399
3472	433
3474	497
3478	473
348	371
3484	539
3485	31
3486	369
3490	11
3491	315
3492	837
3494	255
3497	695
3498	367
35	615
3500	1537
3501	311
3502	51
3503	975
3504	123
3505	399
3506	817
351	221
3510	545
3512	105
3514	249
3516	485
3519	181
3520	583
3521	535
3522	303
3524	913
3525	1131
3527	103
3529	429
353	213
3531	1119
3532	567
3534	577
3540	635
3541	223
3543	289
3549	165
3550	363
3551	863
3554	329
3555	347
3557	485
3558	873
3559	1053
3561	277
3565	1043
3566	1091
3567	103
3568	217
3569	493
3572	105
3573	1057
3575	57
3577	1961
358	267
3580	2049
3582	465
3583	563
3584	221
3585	119
359	1023
3591	909
3593	881
3594	2049
3595	1055
3596	921
3597	1475
3598	119
3599	565
36	1469
3601	1229
3602	1317
3604	393
3606	1733
3609	157
361	1929
3613	111
3615	1047
3618	123
3619	175
362	5
3621	841
3628	119
3630	81
3635	57
3636	419
3639	467
364	683
3640	1029
3641	1015
3642	1825
3644	671
3648	213
3649	219
365	867
3653	561
3654	7
3655	1075
3656	691
3657	17
366	749
3660	63
3662	1009
3663	575
3666	561
3667	159
3668	741
3670	771
3676	835
3678	423
3680	935
3682	627
3683	1499
3684	365
3685	949
3688	71
3693	669
3694	691
3695	663
3696	345
3697	315
3698	83
3699	709
370	1115
3701	43
3703	1099
3704	799
3705	301
3708	1327
3711	1133
3713	457
3714	739
3715	849
3718	365
3719	163
3721	439
3724	75
3725	1149
3726	565
3732	177
3734	1615
3746	311
375	347
3751	145
3752	589
3753	1829
3754	33
3756	439
3757	1373
376	1261
3762	271
3764	839
3765	177
3769	421
3772	1667
3773	379
3777	11
3778	935
3779	51
3780	1223
3781	153
3785	605
3786	613
3789	719
3790	741
3792	55
3793	123
3794	1733
3795	1357
3796	89
3797	271
3798	589
3799	1079
380	979
3802	311
3803	1619
3805	887
3807	137
3808	1125
381	425
3813	165
3814	41
3815	701
3816	513
3817	155
382	853
3822	735
3823	2787
3824	387
3828	1271
383	447
3830	949
3833	675
3837	129
3839	661
384	559
3840	607
3842	481
3843	47
385	1335
3850	261
3852	1065
3857	777
3859	715
386	385
3860	191
3861	191
3863	597
3868	349
3869	119
3870	477
3871	745
3873	209
3876	563
3878	307
3879	361
3881	997
3886	567
3891	833
3893	671
3896	531
3897	17
3898	861
3901	409
3904	185
3905	59
3906	1429
3908	419
391	1111
3910	695
3911	115
3917	741
3920	23
3923	735
3929	783
393	541
3930	539
3932	991
3934	777
3936	157
3937	339
3940	1037
3945	845
3946	121
3948	1381
3949	537
395	1415
3950	243
3952	813
3954	435
3955	213
3957	283
3959	653
396	771
3961	329
3962	519
3963	1909
3965	2377
3967	849
397	863
3971	867
3972	609
3973	195
3975	255
3980	489
3981	261
3982	1171
3983	387
3987	247
399	429
3990	1365
3991	807
3998	511
3999	779
4002	921
4003	621
4004	855
4006	1165
4010	729
4011	567
4012	931
4013	983
4018	15
4020	35
4021	955
4022	763
4023	477
4026	303
4029	953
403	1227
4030	339
4031	165
4032	301
4033	153
4035	953
4036	153
4040	643
4044	369
4045	1189
4046	1225
4051	541
4052	1959
4056	757
4057	7
4058	909
4059	565
406	621
4060	1417
4061	1121
4063	721
4066	125
4068	487
407	1257
4071	457
4075	1813
4077	955
4078	1273
4080	1015
4082	1407
4083	279
4084	1697
4087	157
4088	291
4089	2107
409	101
4090	235
4091	2033
4092	1119
4098	7
4099	215
41	411
410	209
4100	219
4101	67
4102	1317
4103	9
4105	639
4106	271
4107	259
4109	1325
4110	405
4111	241
4112	1055
4113	697
4114	1367
4116	467
4117	581
4120	623
4123	467
4127	201
4128	503
413	1013
4132	991
4137	1285
4138	1061
414	315
4141	641
4144	283
4145	239
4146	47
4147	9
4149	253
4151	1581
4153	605
4155	121
4156	751
4158	591
416	443
4160	213
4162	807
4163	647
4164	659
4166	213
417	303
4170	279
4173	2127
4175	307
4176	1373
418	561
4181	279
4183	137
4185	339
4189	265
4190	321
4192	1081
4193	1065
4194	413
4196	123
4198	249
4199	29
42	1131
420	401
4201	41
4202	709
4205	575
4208	199
4213	425
4214	1357
4215	253
4216	125
4217	703
4218	1747
422	1385
4220	41
4224	125
4227	2075
4229	379
423	881
4230	213
4233	177
4236	769
4237	761
4238	315
4239	1561
4241	625
4246	197
4247	699
4248	355
4249	695
425	205
4250	559
4252	313
4253	673
4254	1433
4257	719
4258	1973
4262	217
4264	1143
4265	785
4268	2203
427	395
4271	489
4273	111
4274	197
4277	177
4279	1379
4280	87
4281	523
4283	1327
4288	887
4289	53
4294	455
4299	273
43	2473
430	1427
4300	1167
4301	235
4303	947
4305	809
4306	217
4307	91
4308	547
4309	667
4310	1123
4313	849
4314	241
4315	921
4316	471
4317	37
4319	1211
4320	1555
4321	903
4322	597
4324	529
4326	185
4329	439
4332	1791
4334	757
4335	1113
4336	743
4337	293
4338	873
4340	255
4342	2591
4346	681
4347	79
4348	411
4349	371
435	385
4350	583
4353	63
4354	137
4355	1459
4359	587
436	41
4362	153
4363	5
4364	469
4365	79
4366	223
4368	237
437	529
4371	807
4372	539
4373	1183
4374	1047
4376	3
4379	1315
438	447
4381	19
4382	1349
4384	11
4385	685
4386	355
4387	2261
439	175
4390	1181
4393	97
4394	311
4395	81
4397	165
4399	1013
44	93
440	263
4403	225
4406	967
4410	353
4412	267
4416	393
4417	963
442	289
4421	821
4422	987
4424	867
4427	953
4429	703
4432	375
4435	289
4436	301
4437	713
4438	1179
4439	1787
4441	463
4446	1139
4448	503
4449	863
4451	427
4452	371
4457	551
4458	1219
4459	481
4461	149
4463	251
4465	639
4468	191
4469	345
4470	275
4471	231
4473	439
4477	557
4479	237
4480	1081
4482	1011
4488	365
4490	359
4491	217
4492	1749
4493	587
4495	2217
4499	677
45	279
4500	2541
4502	1003
4503	1279
4506	463
4507	2107
4508	57
451	863
4510	1079
4512	813
4514	895
4516	515
4517	1461
4519	359
452	187
4520	393
4521	1123
4522	703
4524	247
4525	379
4527	1363
4529	35
453	283
4531	285
4532	587
4533	1385
4534	133
454	253
4540	987
4541	605
4542	869
4544	1139
4546	193
455	509
4551	649
4554	803
4556	277
4557	687
4559	943
456	1031
4560	405
4561	1159
4564	45
4566	685
4567	1189
4569	1261
4570	199
4571	755
4572	217
4573	439
4575	877
4576	1557
4579	127
458	633
4583	1229
4585	865
4588	543
4590	863
4593	285
4595	713
4598	531
4602	737
4604	887
4608	417
4609	273
4610	1169
4611	243
4612	1601
4616	1941
4617	1817
4619	1009
462	627
4620	569
4622	373
4624	849
4625	273
4626	895
4627	1053
4629	97
463	557
4631	173
4632	481
4633	619
4634	1289
4636	1899
4637	141
4641	645
4643	1171
4644	77
4645	765
4647	327
4648	941
4649	375
465	483
4650	515
4651	505
4654	899
4655	199
4656	77
4657	411
4659	1221
466	1125
4661	1589
4662	25
4665	555
4666	805
4667	749
4668	731
4670	515
4671	965
4676	759
4678	329
4679	633
468	1595
4681	1039
4682	165
4688	1117
4689	43
469	415
4691	183
4692	585
4694	767
4696	229
4697	941
4698	1805
4699	137
470	159
4700	1981
4702	1053
4704	513
4705	11
4708	1009
4710	201
4712	1795
4713	215
4717	839
4718	1449
4719	79
472	177
4720	473
4728	429
473	259
4731	1473
4735	395
4739	1369
474	21
4743	455
4745	517
4746	795
4747	979
475	1659
4751	1085
4756	971
4758	909
4759	709
4760	21
4764	13
4767	419
4768	1565
4769	153
477	429
4772	1025
4773	105
4777	637
4779	463
478	187
4782	309
4785	501
4787	1037
4788	1161
4789	881
4790	2025
4791	39
4792	883
4798	217
4800	1635
4802	365
4803	1263
4806	1009
4807	375
4808	285
4809	183
4811	1057
4813	387
4814	877
4815	817
4816	457
4818	551
4819	809
482	29
4821	445
4823	785
4826	1061
4830	369
4834	227
4835	393
4836	1249
4838	61
4839	1391
484	655
4842	17
4846	1247
4847	247
4848	871
485	749
4853	131
4854	1195
4855	1421
4857	677
4858	91
4861	165
4862	723
4863	593
4864	271
4865	469
4868	881
487	637
4871	133
4872	103
4873	761
4874	1031
4875	471
4890	733
4891	707
4893	415
4894	823
4899	839
49	367
490	961
4900	383
4901	1287
4904	1487
4906	1287
491	509
4911	891
4914	979
4915	1269
4916	1433
4917	1201
4919	765
4920	843
4922	15
4924	71
493	309
4932	569
4933	567
4935	205
4940	1415
4944	227
4946	175
4947	1501
4949	477
495	171
4951	271
4953	1381
4956	111
4957	35
4959	345
496	123
4962	1067
4963	723
4967	1127
4970	625
4976	357
4977	1919
4979	127
498	499
4980	419
4981	555
4983	1009
4985	177
4986	221
4988	35
4990	791
4992	553
4994	493
4997	315
4998	501
4999	1101
500	915
5000	655
5001	887
5002	201
5003	853
5005	3
5007	635
5008	101
5011	651
5012	541
5013	855
5014	783
5015	299
5016	271
5019	17
5020	87
5022	1045
5023	705
5024	251
5025	367
5028	293
5031	1235
5032	357
5033	363
5035	331
5038	805
5039	801
504	427
5041	409
5042	657
5044	1033
5045	447
5046	1739
5048	659
5049	419
505	71
5050	359
5051	515
5052	69
5053	1997
5055	1279
5059	483
506	559
5060	367
5061	1339
5063	17
5064	373
5065	635
507	859
5072	2243
5073	275
5074	1139
5075	139
5077	1235
5081	419
5082	555
5083	385
5084	857
5085	535
5087	421
5088	657
509	749
5091	727
5092	1343
5093	517
5094	79
5097	753
5098	771
5099	291
510	407
5100	1127
5101	655
5103	549
5105	901
5107	163
5109	927
511	63
5111	1261
5112	5
5113	915
5114	113
5115	465
5117	403
5119	323
5124	1209
5125	1031
5126	61
5127	371
5128	251
5130	765
5131	35
5138	343
5139	1519
514	643
5141	63
5142	1561
5144	1075
5146	1125
5147	1395
515	253
5153	223
5154	381
5155	837
5157	377
516	213
5165	215
5166	921
5171	633
5174	193
5176	81
5177	41
518	99
5180	175
5181	73
5182	177
5186	763
5188	71
5199	2283
5204	1231
5206	1045
5207	199
5209	1079
521	13
5210	1065
5213	997
5214	11
5217	59
5218	765
5219	497
5220	71
5221	781
5226	553
5228	357
5229	13
5231	377
5232	59
5236	133
5238	129
524	93
5243	73
5246	55
5247	85
5248	377
5249	17
525	169
5252	297
5257	961
5259	2109
526	1513
5260	113
5261	597
5262	585
5263	311
5266	197
5268	739
5270	2049
5272	567
5274	495
5275	483
5276	829
5277	503
5278	113
5280	1011
5281	675
5282	689
5283	143
5285	273
5286	93
5287	427
5289	1061
5292	669
5293	635
5294	589
5295	25
5297	463
5298	951
5299	363
53	495
530	1197
5300	935
5304	1229
5305	525
5307	415
5308	511
531	27
5311	101
5313	1039
5317	969
5318	739
532	355
5322	323
5326	327
5327	507
5329	101
5330	999
5331	61
5332	295
5335	1209
5336	1289
5339	921
5341	1141
5343	571
5348	423
535	1813
5351	853
5354	597
5355	959
5356	391
5357	1769
5360	121
5361	295
5362	379
5363	35
5365	1255
5366	579
5367	359
5369	419
5372	395
5374	715
5375	851
5377	609
5378	1061
5379	1391
5381	1011
5382	109
5384	1661
5385	317
5386	1383
5388	1047
5389	237
539	679
5390	477
5391	1093
5394	187
5395	943
5396	677
5397	223
5398	49
5399	1175
5401	407
5405	463
5407	947
5410	257
5411	1353
5414	123
5416	231
542	977
5420	805
5421	61
5423	185
5424	359
5425	1087
5434	1783
5436	1021
5438	315
5439	71
544	295
5441	917
5442	507
5443	887
5447	867
5448	1013
5452	129
5453	251
5454	779
5458	1379
546	1139
5462	1223
5465	1267
5467	443
5468	1461
547	171
5470	277
5471	237
5472	281
5476	473
5477	133
5479	23
548	345
5480	615
5481	13
5483	1091
5485	91
5486	1193
5487	623
5488	215
5489	55
5492	1017
5494	785
5495	529
5499	255
550	689
5501	771
5502	201
5504	1005
5510	759
5515	309
5519	605
5520	89
5523	537
5530	739
5533	1143
5534	1043
5536	337
5537	1815
5538	1043
5539	167
5540	451
5541	211
5546	1373
5547	1017
5549	769
555	1483
5551	635
5553	243
5555	327
5559	289
556	1775
5561	499
5562	197
5569	1565
5571	23
5573	1011
5574	587
558	1007
5580	865
5582	827
5583	29
5586	351
5587	1317
5588	171
5589	567
559	293
5591	605
5593	289
5595	1043
5599	503
56	1217
560	349
5601	97
5605	1469
5610	849
5613	187
5614	963
5615	369
5619	367
5622	705
5623	333
5625	1609
5626	635
5627	15
5628	1231
5629	209
563	565
5633	1051
5635	301
5636	735
5637	1311
5639	1017
5644	361
5648	1119
5649	249
5650	1777
5651	1659
5653	115
5654	309
5655	685
5658	1719
5659	1381
5660	543
5661	953
5663	189
5665	443
5666	23
5667	1393
5668	1665
5669	409
567	1261
5672	751
5676	267
5677	847
5679	431
568	429
5685	283
5686	835
5688	603
569	677
5690	581
5691	483
5695	387
5696	127
5697	861
5699	973
5700	563
5701	195
5703	497
5704	785
5705	769
5707	505
5709	439
5710	195
5711	83
5714	1495
5719	741
572	157
5721	1333
5722	297
5724	659
5726	213
5727	155
5728	511
5730	931
5731	257
5734	781
5735	705
5737	651
5739	579
574	1925
5740	231
5743	1455
5744	651
5747	1945
5748	365
5749	179
5750	87
5751	1005
5752	1181
5755	593
5756	1119
5758	1781
5760	1281
5761	545
5762	991
5766	147
5768	791
5769	143
577	415
5773	829
5776	1593
5777	2201
5778	669
5782	535
5784	335
5788	63
5789	195
5792	1161
5794	979
5795	349
5796	1191
58	2455
580	701
5800	249
5803	29
5808	173
5811	321
5812	11
5813	279
5814	1673
5820	2083
5823	49
5828	71
5829	461
583	451
5832	1327
5833	1287
5834	445
5836	1799
5837	195
5838	1137
5840	935
5842	705
5843	175
5844	657
5849	727
5851	1065
5854	1069
5856	427
5857	263
5858	497
586	217
5862	871
5863	209
5864	891
5865	679
5868	355
5870	195
5872	2177
5873	469
5877	307
5878	409
5882	725
5883	919
5887	317
5888	819
5890	1215
5892	143
5894	357
590	667
5903	121
5904	1539
5906	87
5907	1193
5908	833
5910	975
5915	1085
5916	75
5918	613
5919	823
592	829
5920	561
5921	1793
5924	177
5925	643
5927	89
593	203
5931	65
5933	391
5934	1843
5935	797
5936	685
5937	365
5938	247
5939	265
594	867
5940	1945
5942	193
5943	543
5946	69
5947	633
5948	99
5949	1031
595	681
5950	325
5951	11
5952	535
5953	209
5955	277
5957	705
596	55
5961	353
5962	489
5964	15
597	407
5972	319
5973	385
5974	219
5976	1635
5977	1139
5979	529
598	1357
5980	581
5981	381
5982	581
5989	673
599	535
5991	1051
5992	1301
5994	431
5997	1837
60	79
600	427
6000	309
6005	1123
6006	519
6007	229
6009	321
6011	1089
6012	803
6014	783
6015	1253
6016	735
6018	295
602	665
6020	1153
6023	563
6024	813
6025	171
6027	217
6028	1233
6034	819
6036	355
6039	1189
604	1217
6040	43
6044	163
6047	83
6048	541
6049	457
6050	1103
6053	999
6054	1207
6056	9
6057	1171
6058	469
6059	635
6061	285
6062	29
6065	809
6066	689
6067	41
6069	185
6071	805
6072	513
6073	1327
6075	593
6077	1895
6079	401
6080	283
6081	465
6084	1013
6085	77
6086	1155
6087	689
6090	727
6092	183
6093	1847
6095	453
6096	719
6099	739
61	35
6100	197
6101	363
6106	679
611	751
6113	505
6114	939
6115	541
6117	287
6119	691
6120	635
6122	571
6124	1421
6126	403
6127	111
6128	693
6129	737
6132	9
6134	279
6135	405
6138	285
614	199
6144	81
6146	1791
6147	1219
615	1747
6150	549
6152	351
6155	173
6159	145
616	121
6164	243
6167	237
6169	987
6170	945
6171	87
6173	1335
6179	459
618	769
6181	1547
6183	21
6185	671
6189	1251
6193	923
6195	237
6198	409
62	1339
620	21
6200	1139
6201	967
6203	731
6205	35
6207	391
6209	563
6211	339
6215	669
6216	297
6217	219
6220	441
6221	101
6228	201
6229	573
6230	767
6231	227
6232	421
6233	577
624	693
6242	379
6243	889
6244	523
6246	33
6247	341
6248	965
6249	935
6250	1731
6251	135
6252	521
6254	517
6255	1031
6256	463
6264	653
6266	891
6267	893
6269	1403
6270	267
6271	1077
6272	1173
6274	655
6276	419
6279	553
628	825
6284	485
6285	951
6287	215
6288	387
6291	531
6292	995
6293	175
6294	895
6295	1243
6296	159
6299	531
630	191
6300	1837
6302	989
6303	51
6304	1249
6305	1165
6307	93
6309	393
6313	295
6314	369
6315	1393
6317	373
632	341
6320	815
6321	625
6328	489
633	1641
6330	235
6331	417
6332	881
6337	1345
6338	131
6344	353
6347	287
6348	1077
635	2045
6351	753
6352	789
6353	1281
6356	461
6358	385
6359	51
636	1251
6360	2179
6361	735
6362	1325
6367	541
6368	965
6369	769
6371	63
6372	191
6373	545
6374	1103
6377	37
6378	123
6379	1349
6380	357
6382	853
6386	1193
6387	75
6389	157
639	463
6391	591
6392	655
6393	1019
6394	1547
6396	273
6398	241
6399	533
640	1259
6401	995
6405	207
6406	683
6409	287
6411	731
6413	1361
6414	967
6417	893
642	43
6421	725
6422	861
6427	77
6430	121
6432	471
6433	981
6434	377
6435	235
6436	1119
6437	1657
6438	1003
6440	145
6441	37
6442	39
6444	351
6445	863
6446	1135
6448	401
6449	1859
6450	315
6455	841
6458	5
646	329
6460	403
6461	433
6462	733
6463	343
6464	297
6466	761
6471	699
6472	1621
6476	531
6477	1007
6478	477
648	593
6480	551
6485	181
6489	1225
649	679
6490	313
6492	789
6493	93
6498	103
650	749
6500	239
6501	657
6503	1445
6504	1285
6509	247
6514	499
6515	79
6517	255
6519	173
652	105
6520	159
6521	941
6523	673
6525	217
6527	443
6528	533
6530	63
6531	745
6534	329
6536	1315
6537	225
6538	583
654	945
6540	941
6542	545
6543	617
6544	1127
6548	245
655	397
6552	497
6553	251
6554	489
6556	805
6558	407
6559	107
6560	903
6561	431
6565	785
6567	353
6568	817
6569	483
657	1339
6573	139
6574	1221
6575	255
6576	487
6577	547
658	311
6581	175
6582	1997
6583	1345
6584	717
6587	823
6588	609
659	65
6592	459
6593	169
6595	793
6596	9
66	97
660	913
6601	43
6604	797
6605	1057
6606	849
6607	319
6608	377
6609	879
6610	541
6612	305
6613	613
6614	827
6615	1841
6617	1379
6619	1339
662	35
6620	1759
6622	1099
6624	1047
6625	453
6626	365
663	223
6630	477
6633	537
6634	1091
6639	403
6640	2013
6641	799
6644	889
6646	199
6647	177
6648	447
6650	175
6652	309
6655	563
6656	479
6657	821
666	875
6661	663
6665	45
6666	869
6667	25
6669	809
6675	645
6677	173
6678	65
6679	841
668	913
6682	889
6683	969
6685	565
6686	2149
6687	31
6688	59
6689	75
669	369
6690	367
6693	943
6695	811
6696	683
6699	473
67	61
6701	523
6703	137
6704	469
6705	1237
6706	349
6707	753
671	1387
6710	377
6711	1435
6712	199
6713	631
6719	1097
6722	621
6725	1137
6726	995
6727	1279
6729	2069
673	239
6732	1
6733	81
6735	31
6736	1389
6738	313
674	721
6740	399
6741	205
6744	1649
6746	129
6747	1173
6748	871
675	449
6752	187
6754	737
6755	37
6756	655
6757	59
6758	783
676	19
6762	1251
6765	1159
6767	153
6770	781
6774	569
6775	217
6776	575
6777	591
6779	993
6781	907
6782	629
6783	945
6785	1711
6789	361
6790	53
6791	373
6794	629
6797	865
6798	451
680	119
6800	691
6801	961
6802	549
6805	319
681	1017
6810	709
6811	239
6812	99
6813	501
6816	249
6817	251
6823	447
6825	69
6826	1885
6827	37
6828	2033
6829	415
683	1007
6830	243
6831	583
6837	1749
6838	495
684	1065
6840	347
6842	111
6843	123
6844	487
6845	1123
6846	175
6849	191
685	1031
6850	303
6851	5
6853	645
6854	203
6855	1473
6856	1279
6859	149
686	775
6861	715
6862	191
6863	79
6864	337
6865	519
6870	277
6871	901
6874	1375
6875	489
6876	841
6877	139
6878	1033
688	863
6883	889
6885	957
6887	1899
6888	521
689	203
6891	1637
6894	1415
6895	1637
6896	683
69	561
690	15
6901	453
6903	161
6906	635
6909	637
691	117
6910	349
6911	563
6917	1111
6919	1445
6920	655
6921	1653
6922	1047
6923	341
6924	1301
6928	499
6929	631
693	933
6931	721
6932	1285
6933	2013
6935	611
6937	369
6938	1029
694	289
6941	1237
6942	1401
6948	1205
6949	705
6951	517
6953	347
6954	637
6955	905
6956	21
696	1265
6960	729
6961	1559
6965	481
6966	613
6967	789
6968	307
6969	963
6970	1259
6971	1161
6975	909
6976	847
6978	1511
6979	533
6980	181
6981	207
6983	989
6984	607
6990	61
6991	833
6992	1883
6994	1051
6997	775
6999	331
7000	1767
7003	215
7004	445
7010	1319
7012	377
7013	579
7017	877
7018	541
7019	163
7026	561
703	761
7031	339
7032	1167
7035	299
7037	149
7039	841
7040	1521
7042	993
7043	413
7045	95
705	359
7050	745
7053	801
7056	2151
7057	1187
7059	383
7066	21
7067	1453
7068	361
7069	209
7071	361
7072	661
7073	969
7074	989
7077	901
7079	171
708	691
7081	217
7083	1401
7084	289
7085	833
7086	571
7087	2501
7089	195
7090	1737
7091	903
7092	345
710	5
7100	857
7101	479
7102	169
7103	1685
7104	307
7107	301
7108	1157
711	493
7111	1159
7117	1579
7118	895
7125	5
7129	693
7131	489
7133	1173
7134	493
7137	425
714	719
7140	537
7141	341
7142	267
7144	329
7145	671
7146	125
7147	1207
715	645
7150	661
7151	333
7155	713
7157	261
7158	279
7159	1337
716	697
7163	539
7164	611
7170	109
7171	1687
7173	941
7174	1375
7175	1685
7178	1539
7179	369
7182	1191
7183	17
7184	1773
7186	557
7187	1011
7189	1463
719	77
7191	1273
7193	755
7196	2593
7197	625
7199	1215
72	335
720	975
7200	915
7201	1
7202	423
7203	1007
7205	67
7206	569
7207	775
7208	1953
7211	2561
7213	149
7217	343
7223	365
7224	383
7225	741
7227	501
7228	763
7229	169
723	623
7233	1179
7234	1853
7235	411
7237	629
7238	523
7239	447
7240	1157
7241	1033
7242	1559
7243	187
7246	1385
7247	99
7248	635
725	331
7251	461
7255	453
7259	1021
726	695
7262	1037
7263	215
7265	1125
7267	823
7268	1549
727	681
7271	291
7272	1763
7274	377
7275	889
7276	821
7278	291
7282	89
7283	105
7284	765
7285	851
7288	127
7289	621
7293	779
7294	1215
7295	199
7296	45
7298	749
7299	633
7301	677
7302	793
7304	385
7306	207
7307	145
7309	619
7316	795
7319	605
7320	775
7321	593
7324	1167
7327	1283
7329	91
7331	645
7333	151
7337	343
7339	1365
7341	367
7342	435
7344	333
7345	129
7348	299
7349	261
735	261
7350	243
7352	287
7354	815
7355	13
7357	41
7359	437
7360	235
7361	15
7366	767
7367	495
7368	311
7369	127
737	1199
7370	207
7373	597
7374	419
7377	449
7378	233
738	725
7382	565
7384	497
7385	491
7386	461
7387	165
739	101
7393	281
7394	301
740	297
7401	717
7403	1583
7404	143
7405	5
7406	769
7410	351
7412	1253
7417	945
7419	1327
742	1615
7423	793
7428	529
743	241
7431	489
7432	175
7435	1633
7438	1067
7439	1847
744	1505
7442	763
7445	845
7446	885
7448	435
7449	525
7458	153
7460	227
7461	969
7463	643
7464	183
7469	251
7472	663
7473	603
7474	901
7475	685
7484	1389
7487	233
7488	67
749	643
7490	1659
7491	385
7493	603
7494	57
7495	1393
75	1987
750	459
7501	779
7502	233
7504	99
7505	103
7507	477
751	599
7511	383
7513	13
7515	1085
7516	1149
7517	1565
752	97
7521	597
7522	217
7524	109
7529	123
7530	197
7531	1373
7532	919
7535	675
7537	409
754	793
7541	511
7543	1737
7545	243
7546	247
7548	1507
7549	609
755	255
7551	659
7553	1119
7555	471
7557	1419
7558	243
7559	145
756	1353
7561	135
7563	325
7567	27
757	1009
7571	37
7572	613
7574	1061
758	937
7583	37
7589	1307
759	279
7592	437
7593	909
7594	559
7598	5
7599	1437
76	469
760	633
7601	273
7603	127
7605	295
7607	157
7608	191
7611	71
7615	279
7619	131
7620	33
7622	93
7624	1423
7625	1495
7628	299
7629	829
7630	805
7632	481
7633	181
7638	655
7639	99
7641	957
7642	371
7643	395
7644	883
7645	703
7649	1525
7653	385
7655	695
7656	617
7657	7
7658	2359
766	419
7660	297
7662	1229
7664	43
7669	681
7670	365
7672	1099
7673	877
7674	885
7676	1789
7678	1475
7679	1173
768	719
7681	695
7682	1783
7684	527
7686	279
7687	899
7688	1301
7689	1299
769	319
7692	409
7697	1049
7698	35
7699	841
77	1607
770	17
7700	187
7701	547
7702	819
7704	707
7711	879
7716	51
7717	421
772	957
7722	1469
7723	547
7725	1071
7727	521
7728	1105
773	779
7732	473
7733	1161
7736	1059
7738	663
7739	1145
774	5
7742	201
7743	1001
7744	481
7746	83
7747	541
7748	701
7749	1133
775	881
7750	2099
7751	143
7754	67
7755	881
7756	161
7757	1587
7760	1047
7761	2477
7762	9
7763	1133
7766	263
7767	233
7768	7
777	733
7770	389
7772	1205
7773	1573
7775	2507
7776	617
7777	89
778	1051
7780	2127
7782	95
7783	271
7786	535
7788	969
7789	1049
779	927
7792	51
7793	743
7794	113
7795	239
7797	179
7799	841
7802	711
7803	1511
7804	383
7805	241
7806	505
781	359
7811	625
7812	737
7813	503
7814	1597
7815	2093
7818	491
7819	235
782	25
7820	1597
7823	299
7824	1633
7827	1035
7829	603
783	353
7830	921
7831	455
7832	277
7833	1205
7837	845
784	43
7840	1101
7843	1493
7845	621
7847	1563
7849	1989
785	1149
7852	521
7853	603
7858	217
786	1241
7860	563
7862	655
7863	1247
7866	171
7867	517
7868	1517
7870	535
7871	455
7873	105
7876	35
7879	339
788	415
7880	1303
7881	65
7883	51
7884	747
7885	335
7886	441
7888	625
7891	811
7892	1625
7893	1497
7896	241
79	89
790	1825
7901	763
7908	1081
7909	1329
791	689
7910	787
7912	103
7913	309
7914	71
7915	169
7916	273
7918	761
792	1521
7920	215
7922	1177
7925	1281
7929	617
7930	1049
7931	103
7933	11
7935	167
7936	977
7939	147
7941	987
7943	725
7946	1075
7948	733
7949	1417
7950	195
7951	87
7957	757
7959	841
796	1001
7961	587
7964	577
7965	581
7966	633
797	591
7971	139
7974	121
7975	1031
7976	77
7978	293
7979	115
798	489
7981	105
7984	353
7985	1719
7989	1091
7991	691
7993	321
7994	373
7998	1171
8	1551
80	809
800	495
8001	1245
8002	37
8006	143
8008	331
801	831
8010	615
8011	613
8014	151
8016	423
8017	887
8018	1627
802	531
8024	1057
8027	897
803	949
8030	1043
8031	347
8032	1231
8033	849
8035	1175
8039	767
804	559
8040	935
8041	1347
8042	209
8044	249
8047	1467
8048	601
8049	181
805	1265
8050	181
8054	297
8055	763
8056	513
8062	1117
8063	211
8064	203
8067	209
807	1733
8072	945
8074	751
8075	41
8076	1441
8077	749
8078	501
808	671
8080	1165
8081	421
8085	63
8088	375
809	89
8090	941
8091	47
8093	251
8094	1435
8097	757
8098	973
8099	697
81	735
8100	505
8102	803
8104	71
8105	785
8108	535
8112	1897
8113	507
8114	87
8115	461
8116	905
8121	345
8122	777
8123	709
8129	89
8131	507
8135	497
8136	2371
8137	1241
8138	823
8140	935
8143	109
8149	723
815	443
8150	207
8151	263
8152	2009
8155	607
8156	543
8157	763
8161	545
8163	101
8164	763
8166	651
8168	127
8169	1131
8170	787
8171	179
8172	579
8176	893
8177	13
8179	515
818	793
8183	1973
8184	403
8186	1365
8187	211
8188	915
8189	1825
8190	29
8193	189
8194	813
8195	201
8197	1589
8198	793
82	227
8201	213
8204	511
8205	1671
8206	1061
8207	557
8208	1171
821	589
8210	1113
8213	59
8214	1515
8216	777
8219	505
8220	401
8221	569
8224	2151
8225	99
8229	1191
8230	57
8231	737
8232	1555
8237	179
8238	249
8240	317
8245	607
8246	761
8247	1037
8248	319
8249	765
825	277
8250	505
8251	409
826	423
8260	965
8261	41
8265	1621
8266	627
8269	431
8271	1169
8272	1671
8276	1435
8277	655
8282	175
8283	237
8284	165
8285	1371
8286	169
829	567
8291	1423
8293	285
8294	883
8297	151
83	1799
8300	1415
8302	155
8305	1223
8306	899
831	1591
8310	123
8312	749
8313	7
8315	91
8316	1345
8317	1245
8318	555
832	171
8321	453
8325	115
8326	65
8329	415
8331	81
8332	479
8334	423
8335	631
8336	471
8338	195
8341	237
8344	759
8345	99
8346	409
8347	843
8348	329
8349	163
835	1273
8355	1
8358	473
8362	771
8363	545
8364	747
8367	753
837	153
8374	1127
8376	447
8377	1025
8380	729
8381	1581
8383	837
8386	135
8387	97
8388	435
8389	433
8394	789
8398	579
8399	569
8400	333
8402	877
8404	49
8406	529
8407	367
8408	279
841	2627
8411	519
8412	343
8413	919
8414	841
8415	1885
8418	605
8419	695
842	461
8420	1277
8422	1559
8423	1863
8426	601
8428	1801
843	389
8430	545
8433	549
8436	13
8440	1427
8441	765
8442	217
8445	569
8448	203
8449	909
845	163
8450	1027
8453	401
846	1711
8462	1573
8464	209
8467	669
8468	1125
847	443
8473	479
8474	113
8476	567
8479	573
8480	811
8481	795
8483	1209
8484	163
8485	2053
8487	285
8488	191
8490	269
8491	145
8493	587
8495	243
8497	259
8498	599
850	1127
8501	165
8503	1033
8508	729
851	655
8511	541
8518	2113
8519	539
852	371
8521	205
8526	1409
8527	133
8529	865
853	1043
8530	71
8532	1469
8535	413
8537	17
8538	935
8539	487
854	1537
8540	1331
8541	187
8544	23
8547	3
8549	147
855	275
8552	1009
8553	857
8556	151
8557	1625
8559	93
8560	711
8562	953
8563	1353
8565	127
8566	255
8568	741
8570	485
8571	431
8572	61
8573	479
8574	39
8576	523
8579	1585
858	153
8581	189
8584	1469
8585	405
8587	413
8588	827
8591	183
8592	39
8593	1375
8594	811
8596	1431
8599	1301
86	261
8600	919
8601	381
8608	565
8609	1371
8613	337
8615	343
8616	1153
8619	59
862	503
8620	283
8623	1203
8625	2745
8628	773
8629	1239
863	395
8630	13
8632	1849
8634	1859
8635	149
8639	799
8643	2131
8648	1095
8649	353
8653	39
8654	37
8658	755
8659	191
8661	483
8663	977
8666	631
8667	1505
8668	293
867	455
8671	61
8675	1003
8677	1957
8679	383
8681	1229
8684	155
8687	45
8689	33
869	21
8690	91
8692	181
8693	5
8696	259
8700	31
8702	75
8703	777
8705	425
8706	377
8707	467
8709	903
8717	1337
872	1039
8723	229
8724	695
8725	403
8726	327
8727	435
8728	1233
8729	785
8730	249
8734	77
8735	835
8738	1529
8741	127
8742	1381
8743	913
8744	857
8746	35
8748	543
8749	1321
8751	931
8752	385
8753	2131
8754	1219
8759	635
8760	217
8761	495
8763	663
8765	5
8767	901
8769	857
877	803
8771	941
8773	747
8774	1087
8775	1583
8777	735
8779	727
8780	387
8781	33
8782	1
8783	1039
8784	421
8785	263
8788	1469
8789	335
8790	47
8791	729
8792	575
8796	755
880	237
8801	565
8805	559
8807	301
8808	1333
881	1381
8812	477
8816	2059
8818	1179
8819	1641
8820	995
8821	1709
8826	1563
8827	331
8828	1591
883	915
8830	559
8831	1073
8832	945
8834	345
8836	931
8837	177
8838	507
8839	1013
8840	1285
8841	873
8842	765
8845	1183
8846	543
8847	623
8849	915
8854	813
8855	735
8857	243
8858	685
8860	1963
8861	655
8862	649
8863	1147
8865	751
8866	275
8871	467
8872	627
8875	1353
8877	49
8879	651
8880	1713
8886	1919
8887	1289
8888	505
8889	267
889	587
8890	583
8893	173
8895	681
8898	599
8899	823
8900	1153
8902	407
8905	877
8907	981
8908	1087
8909	105
891	987
8911	609
8914	307
8917	121
8919	849
8920	243
8922	113
8923	517
8924	537
8925	63
8926	889
8929	429
8932	1615
8933	1095
8937	1027
8938	375
894	1445
8940	23
8941	269
8943	545
8944	953
8945	1501
8946	1181
8947	9
8949	397
8951	827
8954	113
8956	523
8958	1525
896	1099
8963	141
8966	75
8967	361
8968	395
897	1905
8970	281
8971	811
8974	1251
8975	141
8976	861
8978	1527
8984	1241
8986	1363
8989	517
899	421
8992	907
8993	729
8997	503
9	935
9001	1019
9002	193
9003	1017
9004	373
9005	259
901	107
9010	1005
9014	597
9017	145
9018	1147
9021	971
9022	1413
9025	559
9026	91
9029	1209
9030	73
9034	677
9035	15
9036	185
9037	1071
9038	403
9039	805
904	1537
9040	1185
9045	859
9047	131
9048	75
9049	1465
9050	977
9052	773
9053	187
9058	633
9059	769
9061	513
9063	1221
9064	807
9066	1361
9067	1591
9068	563
9069	1853
9073	445
9074	141
9078	1221
9080	45
9084	679
9090	321
9091	63
9092	711
9094	93
9095	609
9099	89
91	777
9100	393
9101	447
9104	415
9105	41
9106	1163
9110	585
9113	503
9115	59
9117	615
9119	421
912	893
9121	865
9122	147
9124	79
9127	133
913	7
9130	229
9132	787
9138	2241
9139	485
914	97
9140	439
9146	1965
9147	659
9148	1111
9149	505
9154	333
9155	515
9156	1387
9157	1787
9158	1143
9159	743
9167	1841
9168	1407
917	893
9171	1343
9173	241
9174	353
9175	825
9177	215
9178	1127
9180	357
9182	689
9184	489
9185	1153
9189	735
9190	19
9192	1421
9193	1613
9194	335
9197	629
9199	407
92	1199
9203	191
9204	685
9205	471
9209	819
9211	133
9214	463
9217	57
9218	1057
922	29
9222	805
9223	1255
9225	947
9227	469
9228	713
9230	291
9231	1149
9232	1303
9234	1833
9238	979
9239	889
9241	909
9244	697
9247	559
925	897
9252	1837
9253	1043
9254	319
9255	789
9259	1019
926	721
9260	757
9262	871
9266	287
9267	1521
9268	625
927	315
9270	1341
9271	1053
9272	639
9273	883
9278	231
9279	799
928	125
9286	607
9287	725
9290	625
9292	505
9293	1779
9296	423
9298	605
93	465
9303	705
9304	409
9307	163
931	265
9312	1175
9315	381
9316	73
9317	515
9318	367
9319	999
932	165
9320	1973
9321	731
9323	211
9325	459
9327	525
9328	71
9329	517
933	93
9331	1057
9337	185
934	243
9340	455
9342	2401
9344	1189
9345	833
9348	409
935	615
9350	11
9352	351
9355	483
9356	419
936	625
9361	1087
9362	1645
9364	819
9365	129
9367	79
9371	279
9374	689
9375	335
9379	199
9380	1323
9382	57
9383	499
9384	617
9385	1029
9387	291
9389	819
939	1049
9390	803
9391	251
9393	397
9395	511
9397	395
9399	521
9400	2177
9401	1085
9404	881
9406	31
9408	759
9409	765
941	71
9412	1621
9413	271
9419	955
9420	709
9421	217
9423	435
9426	755
9428	65
9431	781
9432	433
9434	347
9436	519
9439	529
9440	751
9441	59
9442	837
9444	117
9448	1359
9449	1335
945	341
9451	967
9453	185
9459	587
9460	1223
9463	375
9467	1763
9468	711
9470	557
9473	209
9476	321
9479	253
9483	141
9486	81
9487	631
9488	13
9489	1653
9490	233
9491	327
9493	1301
9496	221
9497	297
9498	425
950	1123
9501	1347
9504	175
9506	831
9508	509
9509	617
951	811
9511	447
9513	1259
9515	1095
9518	357
9521	1231
9523	789
9526	907
9528	117
9530	501
9534	733
9536	355
9537	1393
9538	1085
954	645
9542	517
9543	1423
9545	1359
9546	1041
9547	655
9549	61
955	547
9550	417
9551	471
9552	47
9555	977
9558	449
9559	517
956	25
9561	215
9564	645
9565	43
9567	821
9568	1433
957	677
9570	5
9572	669
9575	375
9576	421
9578	1111
958	853
9583	219
9586	341
9593	303
9594	19
9597	1331
96	673
960	765
9603	271
9607	453
9608	1679
961	319
9610	543
9611	1025
9612	2287
9613	215
9615	625
9618	1163
962	1127
9620	83
9622	35
9623	601
9624	713
9631	1023
9635	523
9638	359
9642	1719
9643	983
9644	305
9645	97
9647	1493
9648	227
9649	717
965	77
9650	41
9654	227
9655	667
9657	825
9658	1785
9661	1565
9664	301
9666	495
9667	599
9668	39
9669	137
9670	249
9671	665
9674	421
9678	125
9679	333
968	499
9680	711
9681	2241
9684	2753
9687	895
9688	2287
9689	233
969	565
9690	389
9691	991
9692	113
9693	821
9695	1973
9696	1929
9699	471
97	31
970	581
9703	1235
9704	347
9705	1195
9706	1057
9707	483
9708	615
9710	853
9711	333
9714	287
9717	703
9718	187
972	1379
9720	1377
9724	1069
9725	1369
9729	651
9730	41
9731	409
9733	629
9734	981
9735	49
9736	305
9738	169
9739	1283
974	317
9741	1801
9743	521
9745	945
9747	1011
9752	683
9753	755
9754	595
9756	2383
9757	291
9760	119
9763	1093
9764	15
9766	549
9767	1203
9768	183
9769	3
9770	1427
9771	159
9772	839
9774	531
9775	187
9776	883
9777	689
9779	477
978	1955
9780	403
9785	19
9787	163
9788	81
9790	1309
9791	601
9794	233
9795	1267
9796	503
9798	417
9799	815
9800	1423
9801	737
9802	397
9805	389
9807	367
981	511
9810	621
9816	435
9819	1129
982	1073
9822	321
9826	39
9827	31
9829	71
983	1143
9830	1655
9832	75
9834	1373
9838	659
984	1093
9841	323
9842	11
9843	159
9845	771
9847	35
9850	229
9851	1131
9853	869
9854	49
9855	1741
9857	55
9859	71
986	453
9860	43
9862	361
9863	455
9869	245
987	721
9870	1363
9874	115
9876	1563
9879	527
988	639
9880	853
9882	1255
9883	469
9889	467
9890	555
9892	45
9894	1557
9898	317
990	213
9900	349
9902	239
9904	761
9906	221
9909	1117
9911	789
9912	1783
9913	967
9916	343
9917	1587
9918	553
9920	5
9922	1333
9929	93
9930	241
9931	391
9932	229
9934	1869
994	881
9940	245
9941	155
9943	813
9944	465
9945	501
9947	1447
9948	665
9949	631
995	779
9955	1295
9956	319
9958	297
9959	627
9960	625
9964	81
9969	1061
997	629
9970	1985
9971	25
9976	973
9978	397
9979	877
998	549
9982	183
9984	691
9986	441
9987	837
9988	457
9989	387
999	1229
9991	233
9994	107
9995	627
9996	441
9997	463
9998	829
